-0.25
0.11
-0.97
-0.25
-0.25
-0.25
0.11
-1.69
0.47
0.11
-1.33
-0.61
-0.61
-1.69
-0.25
-0.97
-0.25
-0.61
-1.33
-0.97
0.82
0.11
-1.33
-0.97
-0.61
-0.97
-0.61
-0.61
-0.97
-0.97
-1.33
-0.61
-0.61
-0.97
-0.25
-0.61
-0.25
0.82
0.11
-0.97
-0.61
-0.61
-1.33
0.82
-0.25
0.47
-0.97
-0.25
-0.61
0.47
-0.25
-0.61
-1.69
-1.69
-1.33
0.47
-0.97
-1.33
-0.97
-0.97
-0.25
-0.61
-0.97
-0.97
-0.25
-0.61
0.11
-1.33
-0.25
-0.61
-0.97
-2.40
-0.25
-0.25
-0.25
-0.25
-0.25
0.47
-0.25
-0.97
-1.33
-1.33
-0.61
-0.97
-0.61
-0.61
-0.97
0.47
-1.69
0.11
-0.61
-0.25
-0.61
-1.69
-1.33
0.11
-0.61
-0.97
-0.97
-2.40
-2.40
-0.61
-0.61
0.11
-1.33
-1.69
-0.61
-0.61
0.11
-1.69
-0.61
-1.33
-0.61
-0.25
-0.97
-0.25
-0.61
-1.69
0.47
-0.61
0.47
-0.61
-0.25
-1.69
0.47
0.47
-1.33
-0.61
-1.33
-1.33
1.18
-0.25
-0.25
-0.97
-0.97
-0.25
0.11
-0.61
-0.61
-0.61
-1.69
-0.97
-0.97
-0.61
-1.33
-0.61
-0.61
0.11
0.11
-0.61
-0.97
-0.25
