-0.3680
0.3682
0.9048
0.9511
0.4818
-0.2486
-0.8444
-0.9823
-0.5877
0.1253
0.7705
0.9980
0.6847
-0.0001
-0.6846
-0.9980
-0.7705
-0.1254
0.5877
0.9823
0.8443
0.2486
-0.4818
-0.9510
-0.9049
-0.3683
0.3683
0.9049
0.9510
0.4818
-0.2486
-0.8443
-0.9823
-0.5877
0.1254
0.7705
0.9980
0.6846
0.0001
-0.6847
-0.9980
-0.7705
-0.1253
0.5877
0.9823
0.8444
0.2486
-0.4818
-0.9511
-0.9048
-0.3682
0.3680
0.9049
0.9510
0.4817
-0.2487
-0.8443
-0.9823
-0.5879
0.1255
0.7706
0.9980
0.6846
0.0001
-0.6845
-0.9980
-0.7704
-0.1253
0.5878
0.9823
0.8444
0.2488
-0.4819
-0.9511
-0.9048
-0.3681
0.3681
0.9048
0.9511
0.4816
-0.2488
-0.8443
-0.9823
-0.5879
0.1252
0.7706
0.9980
0.6845
0.0000
-0.6845
-0.9980
-0.7706
-0.1252
0.5879
0.9823
0.8443
0.2488
-0.4816
-0.9511
-0.9048
-0.3681
0.3681
0.9048
0.9511
0.4819
-0.2488
-0.8444
-0.9823
-0.5878
0.1253
0.7704
0.9980
0.6845
-0.0001
-0.6846
-0.9980
-0.7706
-0.1255
0.5879
0.9823
0.8443
0.2487
-0.4817
-0.9510
-0.9049
-0.3680
0.3682
0.9048
0.9511
0.4818
-0.2486
-0.8444
-0.9823
-0.5877
0.1253
0.7705
0.9980
0.6847
-0.0001
-0.6846
-0.9980
-0.7705
-0.1254
0.5877
0.9823
0.8443
0.2486
-0.4818
-0.9510
-0.9049
-0.3683
0.3683
0.9049
0.9510
0.4818
-0.2486
-0.8443
-0.9823
-0.5877
0.1254
0.7705
0.9980
0.6846
0.0001
-0.6847
-0.9980
-0.7705
-0.1253
0.5877
0.9823
0.8444
0.2486
-0.4818
-0.9511
-0.9048
-0.3682
0.3680
0.9049
0.9510
0.4817
-0.2487
-0.8443
-0.9823
-0.5879
0.1255
0.7706
0.9980
0.6846
0.0001
-0.6845
-0.9980
-0.7704
-0.1253
0.5878
0.9823
0.8444
0.2488
-0.4819
-0.9511
-0.9048
-0.3681
0.3681
0.9048
0.9511
0.4816
-0.2488
-0.8443
-0.9823
-0.5879
0.1252
0.7706
0.9980
0.6845
0.0000
-0.6845
-0.9980
-0.7706
-0.1252
0.5879
0.9823
0.8443
0.2488
-0.4816
-0.9511
-0.9048
-0.3681
0.3681
0.9048
0.9511
0.4819
-0.2488
-0.8444
-0.9823
-0.5878
0.1253
0.7704
0.9980
0.6845
-0.0001
-0.6846
-0.9980
-0.7706
-0.1255
0.5879
0.9823
0.8443
0.2487
-0.4817
-0.9510
-0.9049
-0.3680
0.3682
0.9048
0.9511
0.4818
-0.2486
-0.8444
-0.9823
-0.5877
0.1253
0.7705
0.9980
0.6847
-0.0001
-0.6846
-0.9980
-0.7705
-0.1254
0.5877
0.9823
0.8443
0.2486
-0.4818
-0.9510
-0.9049
-0.3683
0.3683
0.9049
0.9510
0.4818
-0.2486
-0.8443
-0.9823
-0.5877
0.1254
0.7705
0.9980
0.6846
0.0001
-0.6847
-0.9980
-0.7705
-0.1253
0.5877
0.9823
0.8444
0.2486
-0.4818
-0.9511
-0.9048
-0.3682
0.3680
0.9049
0.9510
0.4817
-0.2487
-0.8443
-0.9823
-0.5879
0.1255
0.7706
0.9980
0.6846
0.0001
-0.6845
-0.9980
-0.7704
-0.1253
0.5878
0.9823
0.8444
0.2488
-0.4819
-0.9511
-0.9048
-0.3681
0.3681
0.9048
0.9511
0.4816
-0.2488
-0.8443
-0.9823
-0.5879
0.1252
0.7706
0.9980
0.6845
0.0000
-0.6845
-0.9980
-0.7706
-0.1252
0.5879
0.9823
0.8443
0.2488
-0.4816
-0.9511
-0.9048
-0.3681
0.3681
0.9048
0.9511
0.4819
-0.2488
-0.8444
-0.9823
-0.5878
0.1253
0.7704
0.9980
0.6845
-0.0001
-0.6846
-0.9980
-0.7706
-0.1255
0.5879
0.9823
0.8443
0.2487
-0.4817
-0.9510
-0.9049
-0.3680
0.3682
0.9048
0.9511
0.4818
-0.2486
-0.8444
-0.9823
-0.5877
0.1253
0.7705
0.9980
0.6847
-0.0001
-0.6846
-0.9980
-0.7705
-0.1254
0.5877
0.9823
0.8443
0.2486
-0.4818
-0.9510
-0.9049
-0.3683
0.3683
0.9049
0.9510
0.4818
-0.2486
-0.8443
-0.9823
-0.5877
0.1254
0.7705
0.9980
0.6846
0.0001
-0.6847
-0.9980
-0.7705
-0.1253
0.5877
0.9823
0.8444
0.2486
-0.4818
-0.9511
-0.9048
-0.3682
0.3680
0.9049
0.9510
0.4817
-0.2487
-0.8443
-0.9823
-0.5879
0.1255
0.7706
0.9980
0.6846
0.0001
-0.6845
-0.9980
-0.7704
-0.1253
0.5878
0.9823
0.8444
0.2488
-0.4819
-0.9511
-0.9048
-0.3681
0.3681
0.9048
0.9511
0.4816
-0.2488
-0.8443
-0.9823
-0.5879
0.1252
0.7706
0.9980
0.6845
0.0000
-0.6845
-0.9980
-0.7706
-0.1252
0.5879
0.9823
0.8443
0.2488
-0.4816
-0.9511
-0.9048
-0.3681
0.3681
0.9048
0.9511
0.4819
-0.2488
-0.8444
-0.9823
-0.5878
0.1253
0.7704
0.9980
0.6845
-0.0001
-0.6846
-0.9980
-0.7706
-0.1255
0.5879
0.9823
0.8443
0.2487
-0.4817
-0.9510
-0.9049
-0.3680
0.3682
0.9048
0.9511
0.4818
-0.2486
-0.8444
-0.9823
-0.5877
0.1253
0.7705
0.9980
0.6847
-0.0001
-0.6846
-0.9980
-0.7705
-0.1254
0.5877
0.9823
0.8443
0.2486
-0.4818
-0.9510
-0.9049
-0.3683
0.3683
0.9049
0.9510
0.4818
-0.2486
-0.8443
-0.9823
-0.5877
0.1254
0.7705
0.9980
0.6846
0.0001
-0.6847
-0.9980
-0.7705
-0.1253
0.5877
0.9823
0.8444
0.2486
-0.4818
-0.9511
-0.9048
-0.3682
0.3680
0.9049
0.9510
0.4817
-0.2487
-0.8443
-0.9823
-0.5879
0.1255
0.7706
0.9980
0.6846
0.0001
-0.6845
-0.9980
-0.7704
-0.1253
0.5878
0.9823
0.8444
0.2488
-0.4819
-0.9511
-0.9048
-0.3681
0.3681
0.9048
0.9511
0.4816
-0.2488
-0.8443
-0.9823
-0.5879
0.1252
0.7706
0.9980
0.6845
0.0000
-0.6845
-0.9980
-0.7706
-0.1252
0.5879
0.9823
0.8443
0.2488
-0.4816
-0.9511
-0.9048
-0.3681
0.3681
0.9048
0.9511
0.4819
-0.2488
-0.8444
-0.9823
-0.5878
0.1253
0.7704
0.9980
0.6845
-0.0001
-0.6846
-0.9980
-0.7706
-0.1255
0.5879
0.9823
0.8443
0.2487
-0.4817
-0.9510
-0.9049
-0.3680
0.3682
0.9048
0.9511
0.4818
-0.2486
-0.8444
-0.9823
-0.5877
0.1253
0.7705
0.9980
0.6847
-0.0001
-0.6846
-0.9980
-0.7705
-0.1254
0.5877
0.9823
0.8443
0.2486
-0.4818
-0.9510
-0.9049
-0.3683
0.3683
0.9049
0.9510
0.4818
-0.2486
-0.8443
-0.9823
-0.5877
0.1254
0.7705
0.9980
0.6846
0.0001
-0.6847
-0.9980
-0.7705
-0.1253
0.5877
0.9823
0.8444
0.2486
-0.4818
-0.9511
-0.9048
-0.3682
0.3680
0.9049
0.9510
0.4817
-0.2487
-0.8443
-0.9823
-0.5879
0.1255
0.7706
0.9980
0.6846
0.0001
-0.6845
-0.9980
-0.7704
-0.1253
0.5878
0.9823
0.8444
0.2488
-0.4819
-0.9511
-0.9048
-0.3681
0.3681
0.9048
0.9511
0.4816
-0.2488
-0.8443
-0.9823
-0.5879
0.1252
0.7706
0.9980
0.6845
0.0000
-0.6845
-0.9980
-0.7706
-0.1252
0.5879
0.9823
0.8443
0.2488
-0.4816
-0.9511
-0.9048
-0.3681
0.3681
0.9048
0.9511
0.4819
-0.2488
-0.8444
-0.9823
-0.5878
0.1253
0.7704
0.9980
0.6845
-0.0001
-0.6846
-0.9980
-0.7706
-0.1255
0.5879
0.9823
0.8443
0.2487
-0.4817
-0.9510
-0.9049
-0.3680
0.3682
0.9048
0.9511
0.4818
-0.2486
-0.8444
-0.9823
-0.5877
0.1253
0.7705
0.9980
0.6847
-0.0001
-0.6846
-0.9980
-0.7705
-0.1254
0.5877
0.9823
0.8443
0.2486
-0.4818
-0.9510
-0.9049
-0.3683
0.3683
0.9049
0.9510
0.4818
-0.2486
-0.8443
-0.9823
-0.5877
0.1254
0.7705
0.9980
0.6846
0.0001
-0.6847
-0.9980
-0.7705
-0.1253
0.5877
0.9823
0.8444
0.2486
-0.4818
-0.9511
-0.9048
-0.3682
0.3680
0.9049
0.9510
0.4817
-0.2487
-0.8443
-0.9823
-0.5879
0.1255
0.7706
0.9980
0.6846
0.0001
-0.6845
-0.9980
-0.7704
-0.1253
0.5878
0.9823
0.8444
0.2488
-0.4819
-0.9511
-0.9048
-0.3681
0.3681
0.9048
0.9511
0.4816
-0.2488
-0.8443
-0.9823
-0.5879
0.1252
0.7706
0.9980
0.6845
0.0000
-0.6845
-0.9980
-0.7706
-0.1252
0.5879
0.9823
0.8443
0.2488
-0.4816
-0.9511
-0.9048
-0.3681
0.3681
0.9048
0.9511
0.4819
-0.2488
-0.8444
-0.9823
-0.5878
0.1253
0.7704
0.9980
0.6845
-0.0001
-0.6846
-0.9980
-0.7706
-0.1255
0.5879
0.9823
0.8443
0.2487
-0.4817
-0.9510
-0.9049
-0.3680
0.3682
0.9048
0.9511
0.4818
-0.2486
-0.8444
-0.9823
-0.5877
0.1253
0.7705
0.9980
0.6847
-0.0001
-0.6846
-0.9980
-0.7705
-0.1254
0.5877
0.9823
0.8443
0.2486
-0.4818
-0.9510
-0.9049
-0.3683
0.3683
0.9049
0.9510
0.4818
-0.2486
-0.8443
-0.9823
-0.5877
0.1254
0.7705
0.9980
0.6846
0.0001
-0.6847
-0.9980
-0.7705
-0.1253
0.5877
0.9823
0.8444
0.2486
-0.4818
-0.9511
-0.9048
-0.3682
0.3680
0.9049
0.9510
0.4817
-0.2487
-0.8443
-0.9823
-0.5879
0.1255
0.7706
0.9980
0.6846
0.0001
-0.6845
-0.9980
-0.7704
-0.1253
0.5878
0.9823
0.8444
0.2488
-0.4819
-0.9511
-0.9048
-0.3681
0.3681
0.9048
0.9511
0.4816
-0.2488
-0.8443
-0.9823
-0.5879
0.1252
0.7706
0.9980
0.6845
0.0000
-0.6845
-0.9980
-0.7706
-0.1252
0.5879
0.9823
0.8443
0.2488
-0.4816
-0.9511
-0.9048
-0.3681
0.3681
0.9048
0.9511
0.4819
-0.2488
-0.8444
-0.9823
-0.5878
0.1253
0.7704
0.9980
0.6845
-0.0001
-0.6846
-0.9980
-0.7706
-0.1255
0.5879
0.9823
0.8443
0.2487
-0.4817
-0.9510
-0.9049
-0.3680
0.3682
0.9048
0.9511
0.4818
-0.2486
-0.8444
-0.9823
-0.5877
0.1253
0.7705
0.9980
0.6847
-0.0001
-0.6846
-0.9980
-0.7705
-0.1254
0.5877
0.9823
0.8443
0.2486
-0.4818
-0.9510
-0.9049
-0.3683
0.3683
0.9049
0.9510
0.4818
-0.2486
-0.8443
-0.9823
-0.5877
0.1254
0.7705
0.9980
0.6846
0.0001
-0.6847
-0.9980
-0.7705
-0.1253
0.5877
0.9823
0.8444
0.2486
-0.4818
-0.9511
-0.9048
-0.3682
0.3680
0.9049
0.9510
0.4817
-0.2487
-0.8443
-0.9823
-0.5879
0.1255
0.7706
0.9980
0.6846
0.0001
-0.6845
-0.9980
-0.7704
-0.1253
0.5878
0.9823
0.8444
0.2488
-0.4819
-0.9511
-0.9048
-0.3681
0.3681
0.9048
0.9511
0.4816
-0.2488
-0.8443
-0.9823
-0.5879
0.1252
0.7706
0.9980
0.6845
0.0000
-0.6845
-0.9980
-0.7706
-0.1252
0.5879
0.9823
0.8443
0.2488
-0.4816
-0.9511
-0.9048
-0.3681
0.3681
0.9048
0.9511
0.4819
-0.2488
-0.8444
-0.9823
-0.5878
0.1253
0.7704
0.9980
0.6845
-0.0001
-0.6846
-0.9980
-0.7706
-0.1255
0.5879
0.9823
0.8443
0.2487
-0.4817
-0.9510
-0.9049
-0.3680
0.3682
0.9048
0.9511
0.4818
-0.2486
-0.8444
-0.9823
-0.5877
0.1253
0.7705
0.9980
0.6847
-0.0001
-0.6846
-0.9980
-0.7705
-0.1254
0.5877
0.9823
0.8443
0.2486
-0.4818
-0.9510
-0.9049
-0.3683
0.3683
0.9049
0.9510
0.4818
-0.2486
-0.8443
-0.9823
-0.5877
0.1254
0.7705
0.9980
0.6846
0.0001
-0.6847
-0.9980
-0.7705
-0.1253
0.5877
0.9823
0.8444
0.2486
-0.4818
-0.9511
-0.9048
-0.3682
0.3680
0.9049
0.9510
0.4817
-0.2487
-0.8443
-0.9823
-0.5879
0.1255
0.7706
0.9980
0.6846
0.0001
-0.6845
-0.9980
-0.7704
-0.1253
0.5878
0.9823
0.8444
0.2488
-0.4819
-0.9511
-0.9048
-0.3681
0.3681
0.9048
0.9511
0.4816
-0.2488
-0.8443
-0.9823
-0.5879
0.1252
0.7706
0.9980
0.6845
0.0000
-0.6845
-0.9980
-0.7706
-0.1252
0.5879
0.9823
0.8443
0.2488
-0.4816
-0.9511
-0.9048
-0.3681
0.3681
0.9048
0.9511
0.4819
-0.2488
-0.8444
-0.9823
-0.5878
0.1253
0.7704
0.9980
0.6845
-0.0001
-0.6846
-0.9980
-0.7706
-0.1255
0.5879
0.9823
0.8443
0.2487
-0.4817
-0.9510
-0.9049
-0.3680
0.3682
0.9048
0.9511
0.4818
-0.2486
-0.8444
-0.9823
-0.5877
0.1253
0.7705
0.9980
0.6847
-0.0001
-0.6846
-0.9980
-0.7705
-0.1254
0.5877
0.9823
0.8443
0.2486
-0.4818
-0.9510
-0.9049
-0.3683
0.3683
0.9049
0.9510
0.4818
-0.2486
-0.8443
-0.9823
-0.5877
0.1254
0.7705
0.9980
0.6846
0.0001
-0.6847
-0.9980
-0.7705
-0.1253
0.5877
0.9823
0.8444
0.2486
-0.4818
-0.9511
-0.9048
-0.3682
0.3680
0.9049
0.9510
0.4817
-0.2487
-0.8443
-0.9823
-0.5879
0.1255
0.7706
0.9980
0.6846
0.0001
-0.6845
-0.9980
-0.7704
-0.1253
0.5878
0.9823
0.8444
0.2488
-0.4819
-0.9511
-0.9048
-0.3681
0.3681
0.9048
0.9511
0.4816
-0.2488
-0.8443
-0.9823
-0.5879
0.1252
0.7706
0.9980
0.6845
0.0000
-0.6845
-0.9980
-0.7706
-0.1252
0.5879
0.9823
0.8443
0.2488
-0.4816
-0.9511
-0.9048
-0.3681
0.3681
0.9048
0.9511
0.4819
-0.2488
-0.8444
-0.9823
-0.5878
0.1253
0.7704
0.9980
0.6845
-0.0001
-0.6846
-0.9980
-0.7706
-0.1255
0.5879
0.9823
0.8443
0.2487
-0.4817
-0.9510
-0.9049
-0.3680
0.3682
0.9048
0.9511
0.4818
-0.2486
-0.8444
-0.9823
-0.5877
0.1253
0.7705
0.9980
0.6847
-0.0001
-0.6846
-0.9980
-0.7705
-0.1254
0.5877
0.9823
0.8443
0.2486
-0.4818
-0.9510
-0.9049
-0.3683
0.3683
0.9049
0.9510
0.4818
-0.2486
-0.8443
-0.9823
-0.5877
0.1254
0.7705
0.9980
0.6846
0.0001
-0.6847
-0.9980
-0.7705
-0.1253
0.5877
0.9823
0.8444
0.2486
-0.4818
-0.9511
-0.9048
-0.3682
0.3680
0.9049
0.9510
0.4817
-0.2487
-0.8443
-0.9823
-0.5879
0.1255
0.7706
0.9980
0.6846
0.0001
-0.6845
-0.9980
-0.7704
-0.1253
0.5878
0.9823
0.8444
0.2488
-0.4819
-0.9511
-0.9048
-0.3681
0.3681
0.9048
0.9511
0.4816
-0.2488
-0.8443
-0.9823
-0.5879
0.1252
0.7706
0.9980
0.6845
0.0000
-0.6845
-0.9980
-0.7706
-0.1252
0.5879
0.9823
0.8443
0.2488
-0.4816
-0.9511
-0.9048
-0.3681
0.3681
0.9048
0.9511
0.4819
-0.2488
-0.8444
-0.9823
-0.5878
0.1253
0.7704
0.9980
0.6845
-0.0001
-0.6846
-0.9980
-0.7706
-0.1255
0.5879
0.9823
0.8443
0.2487
-0.4817
-0.9510
-0.9049
-0.3680
0.3682
0.9048
0.9511
0.4818
-0.2486
-0.8444
-0.9823
-0.5877
0.1253
0.7705
0.9980
0.6847
-0.0001
-0.6846
-0.9980
-0.7705
-0.1254
0.5877
0.9823
0.8443
0.2486
-0.4818
-0.9510
-0.9049
-0.3683
0.3683
0.9049
0.9510
0.4818
-0.2486
-0.8443
-0.9823
-0.5877
0.1254
0.7705
0.9980
0.6846
0.0001
-0.6847
-0.9980
-0.7705
-0.1253
0.5877
0.9823
0.8444
0.2486
-0.4818
-0.9511
-0.9048
-0.3682
0.3680
0.9049
0.9510
0.4817
-0.2487
-0.8443
-0.9823
-0.5879
0.1255
0.7706
0.9980
0.6846
0.0001
-0.6845
-0.9980
-0.7704
-0.1253
0.5878
0.9823
0.8444
0.2488
-0.4819
-0.9511
-0.9048
-0.3681
0.3681
0.9048
0.9511
0.4816
-0.2488
-0.8443
-0.9823
-0.5879
0.1252
0.7706
0.9980
0.6845
0.0000
-0.6845
-0.9980
-0.7706
-0.1252
0.5879
0.9823
0.8443
0.2488
-0.4816
-0.9511
-0.9048
-0.3681
0.3681
0.9048
0.9511
0.4819
-0.2488
-0.8444
-0.9823
-0.5878
0.1253
0.7704
0.9980
0.6845
-0.0001
-0.6846
-0.9980
-0.7706
-0.1255
0.5879
0.9823
0.8443
0.2487
-0.4817
-0.9510
-0.9049
-0.3680
0.3682
0.9048
0.9511
0.4818
-0.2486
-0.8444
-0.9823
-0.5877
0.1253
0.7705
0.9980
0.6847
-0.0001
-0.6846
-0.9980
-0.7705
-0.1254
0.5877
0.9823
0.8443
0.2486
-0.4818
-0.9510
-0.9049
-0.3683
0.3683
0.9049
0.9510
0.4818
-0.2486
-0.8443
-0.9823
-0.5877
0.1254
0.7705
0.9980
0.6846
0.0001
-0.6847
-0.9980
-0.7705
-0.1253
0.5877
0.9823
0.8444
0.2486
-0.4818
-0.9511
-0.9048
-0.3682
0.3680
0.9049
0.9510
0.4817
-0.2487
-0.8443
-0.9823
-0.5879
0.1255
0.7706
0.9980
0.6846
0.0001
-0.6845
-0.9980
-0.7704
-0.1253
0.5878
0.9823
0.8444
0.2488
-0.4819
-0.9511
-0.9048
-0.3681
0.3681
0.9048
0.9511
0.4816
-0.2488
-0.8443
-0.9823
-0.5879
0.1252
0.7706
0.9980
0.6845
0.0000
-0.6845
-0.9980
-0.7706
-0.1252
0.5879
0.9823
0.8443
0.2488
-0.4816
-0.9511
-0.9048
-0.3681
0.3681
0.9048
0.9511
0.4819
-0.2488
-0.8444
-0.9823
-0.5878
0.1253
0.7704
0.9980
0.6845
-0.0001
-0.6846
-0.9980
-0.7706
-0.1255
0.5879
0.9823
0.8443
0.2487
-0.4817
-0.9510
-0.9049
-0.3680
0.3682
0.9048
0.9511
0.4818
-0.2486
-0.8444
-0.9823
-0.5877
0.1253
0.7705
0.9980
0.6847
-0.0001
-0.6846
-0.9980
-0.7705
-0.1254
0.5877
0.9823
0.8443
0.2486
-0.4818
-0.9510
-0.9049
-0.3683
0.3683
0.9049
0.9510
0.4818
-0.2486
-0.8443
-0.9823
-0.5877
0.1254
0.7705
0.9980
0.6846
0.0001
-0.6847
-0.9980
-0.7705
-0.1253
0.5877
0.9823
0.8444
0.2486
-0.4818
-0.9511
-0.9048
-0.3682
0.3680
0.9049
0.9510
0.4817
-0.2487
-0.8443
-0.9823
-0.5879
0.1255
0.7706
0.9980
0.6846
0.0001
-0.6845
-0.9980
-0.7704
-0.1253
0.5878
0.9823
0.8444
0.2488
-0.4819
-0.9511
-0.9048
-0.3681
0.3681
0.9048
0.9511
0.4816
-0.2488
-0.8443
-0.9823
-0.5879
0.1252
0.7706
0.9980
0.6845
0.0000
-0.6845
-0.9980
-0.7706
-0.1252
0.5879
0.9823
0.8443
0.2488
-0.4816
-0.9511
-0.9048
-0.3681
0.3681
0.9048
0.9511
0.4819
-0.2488
-0.8444
-0.9823
-0.5878
0.1253
0.7704
0.9980
0.6845
-0.0001
-0.6846
-0.9980
-0.7706
-0.1255
0.5879
0.9823
0.8443
0.2487
-0.4817
-0.9510
-0.9049
-0.3680
0.3682
0.9048
0.9511
0.4818
-0.2486
-0.8444
-0.9823
-0.5877
0.1253
0.7705
0.9980
0.6847
-0.0001
-0.6846
-0.9980
-0.7705
-0.1254
0.5877
0.9823
0.8443
0.2486
-0.4818
-0.9510
-0.9049
-0.3683
0.3683
0.9049
0.9510
0.4818
-0.2486
-0.8443
-0.9823
-0.5877
0.1254
0.7705
0.9980
0.6846
0.0001
-0.6847
-0.9980
-0.7705
-0.1253
0.5877
0.9823
0.8444
0.2486
-0.4818
-0.9511
-0.9048
-0.3682
0.3680
0.9049
0.9510
0.4817
-0.2487
-0.8443
-0.9823
-0.5879
0.1255
0.7706
0.9980
0.6846
0.0001
-0.6845
-0.9980
-0.7704
-0.1253
0.5878
0.9823
0.8444
0.2488
-0.4819
-0.9511
-0.9048
-0.3681
0.3681
0.9048
0.9511
0.4816
-0.2488
-0.8443
-0.9823
-0.5879
0.1252
0.7706
0.9980
0.6845
0.0000
-0.6845
-0.9980
-0.7706
-0.1252
0.5879
0.9823
0.8443
0.2488
-0.4816
-0.9511
-0.9048
-0.3681
0.3681
0.9048
0.9511
0.4819
-0.2488
-0.8444
-0.9823
-0.5878
0.1253
0.7704
0.9980
0.6845
-0.0001
-0.6846
-0.9980
-0.7706
-0.1255
0.5879
0.9823
0.8443
0.2487
-0.4817
-0.9510
-0.9049
-0.3680
0.3682
0.9048
0.9511
0.4818
-0.2486
-0.8444
-0.9823
-0.5877
0.1253
0.7705
0.9980
0.6847
-0.0001
-0.6846
-0.9980
-0.7705
-0.1254
0.5877
0.9823
0.8443
0.2486
-0.4818
-0.9510
-0.9049
-0.3683
0.3683
0.9049
0.9510
0.4818
-0.2486
-0.8443
-0.9823
-0.5877
0.1254
0.7705
0.9980
0.6846
0.0001
-0.6847
-0.9980
-0.7705
-0.1253
0.5877
0.9823
0.8444
0.2486
-0.4818
-0.9511
-0.9048
-0.3682
0.3680
0.9049
0.9510
0.4817
-0.2487
-0.8443
-0.9823
-0.5879
0.1255
0.7706
0.9980
0.6846
0.0001
-0.6845
-0.9980
-0.7704
-0.1253
0.5878
0.9823
0.8444
0.2488
-0.4819
-0.9511
-0.9048
-0.3681
0.3681
0.9048
0.9511
0.4816
-0.2488
-0.8443
-0.9823
-0.5879
0.1252
0.7706
0.9980
0.6845
0.0000
-0.6845
-0.9980
-0.7706
-0.1252
0.5879
0.9823
0.8443
0.2488
-0.4816
-0.9511
-0.9048
-0.3681
0.3681
0.9048
0.9511
0.4819
-0.2488
-0.8444
-0.9823
-0.5878
0.1253
0.7704
0.9980
0.6845
-0.0001
-0.6846
-0.9980
-0.7706
-0.1255
0.5879
0.9823
0.8443
0.2487
-0.4817
-0.9510
-0.9049
-0.3680
0.3682
0.9048
0.9511
0.4818
-0.2486
-0.8444
-0.9823
-0.5877
0.1253
0.7705
0.9980
0.6847
-0.0001
-0.6846
-0.9980
-0.7705
-0.1254
0.5877
0.9823
0.8443
0.2486
-0.4818
-0.9510
-0.9049
-0.3683
0.3683
0.9049
0.9510
0.4818
-0.2486
-0.8443
-0.9823
-0.5877
0.1254
0.7705
0.9980
0.6846
0.0001
-0.6847
-0.9980
-0.7705
-0.1253
0.5877
0.9823
0.8444
0.2486
-0.4818
-0.9511
-0.9048
-0.3682
0.3680
0.9049
0.9510
0.4817
-0.2487
-0.8443
-0.9823
-0.5879
0.1255
0.7706
0.9980
0.6846
0.0001
-0.6845
-0.9980
-0.7704
-0.1253
0.5878
0.9823
0.8444
0.2488
-0.4819
-0.9511
-0.9048
-0.3681
0.3681
0.9048
0.9511
0.4816
-0.2488
-0.8443
-0.9823
-0.5879
0.1252
0.7706
0.9980
0.6845
0.0000
-0.6845
-0.9980
-0.7706
-0.1252
0.5879
0.9823
0.8443
0.2488
-0.4816
-0.9511
-0.9048
-0.3681
0.3681
0.9048
0.9511
0.4819
-0.2488
-0.8444
-0.9823
-0.5878
0.1253
0.7704
0.9980
0.6845
-0.0001
-0.6846
-0.9980
-0.7706
-0.1255
0.5879
0.9823
0.8443
0.2487
-0.4817
-0.9510
-0.9049
-0.3680
0.3682
0.9048
0.9511
0.4818
-0.2486
-0.8444
-0.9823
-0.5877
0.1253
0.7705
0.9980
0.6847
-0.0001
-0.6846
-0.9980
-0.7705
-0.1254
0.5877
0.9823
0.8443
0.2486
-0.4818
-0.9510
-0.9049
-0.3683
0.3683
0.9049
0.9510
0.4818
-0.2486
-0.8443
-0.9823
-0.5877
0.1254
0.7705
0.9980
0.6846
0.0001
-0.6847
-0.9980
-0.7705
-0.1253
0.5877
0.9823
0.8444
0.2486
-0.4818
-0.9511
-0.9048
-0.3682
0.3680
0.9049
0.9510
0.4817
-0.2487
-0.8443
-0.9823
-0.5879
0.1255
0.7706
0.9980
0.6846
0.0001
-0.6845
-0.9980
-0.7704
-0.1253
0.5878
0.9823
0.8444
0.2488
-0.4819
-0.9511
-0.9048
-0.3681
0.3681
0.9048
0.9511
0.4816
-0.2488
-0.8443
-0.9823
-0.5879
0.1252
0.7706
0.9980
0.6845
0.0000
-0.6845
-0.9980
-0.7706
-0.1252
0.5879
0.9823
0.8443
0.2488
-0.4816
-0.9511
-0.9048
-0.3681
0.3681
0.9048
0.9511
0.4819
-0.2488
-0.8444
-0.9823
-0.5878
0.1253
0.7704
0.9980
0.6845
-0.0001
-0.6846
-0.9980
-0.7706
-0.1255
0.5879
0.9823
0.8443
0.2487
-0.4817
-0.9510
-0.9049
-0.3680
0.3682
0.9048
0.9511
0.4818
-0.2486
-0.8444
-0.9823
-0.5877
0.1253
0.7705
0.9980
0.6847
-0.0001
-0.6846
-0.9980
-0.7705
-0.1254
0.5877
0.9823
0.8443
0.2486
-0.4818
-0.9510
-0.9049
-0.3683
0.3683
0.9049
0.9510
0.4818
-0.2486
-0.8443
-0.9823
-0.5877
0.1254
0.7705
0.9980
0.6846
0.0001
-0.6847
-0.9980
-0.7705
-0.1253
0.5877
0.9823
0.8444
0.2486
-0.4818
-0.9511
-0.9048
-0.3682
0.3680
0.9049
0.9510
0.4817
-0.2487
-0.8443
-0.9823
-0.5879
0.1255
0.7706
0.9980
0.6846
0.0001
-0.6845
-0.9980
-0.7704
-0.1253
0.5878
0.9823
0.8444
0.2488
-0.4819
-0.9511
-0.9048
-0.3681
0.3681
0.9048
0.9511
0.4816
-0.2488
-0.8443
-0.9823
-0.5879
0.1252
0.7706
0.9980
0.6845
0.0000
-0.6845
-0.9980
-0.7706
-0.1252
0.5879
0.9823
0.8443
0.2488
-0.4816
-0.9511
-0.9048
-0.3681
0.3681
0.9048
0.9511
0.4819
-0.2488
-0.8444
-0.9823
-0.5878
0.1253
0.7704
0.9980
0.6845
-0.0001
-0.6846
-0.9980
-0.7706
-0.1255
0.5879
0.9823
0.8443
0.2487
-0.4817
-0.9510
-0.9049
-0.3680
0.3682
0.9048
0.9511
0.4818
-0.2486
-0.8444
-0.9823
-0.5877
0.1253
0.7705
0.9980
0.6847
-0.0001
-0.6846
-0.9980
-0.7705
-0.1254
0.5877
0.9823
0.8443
0.2486
-0.4818
-0.9510
-0.9049
-0.3683
0.3683
0.9049
0.9510
0.4818
-0.2486
-0.8443
-0.9823
-0.5877
0.1254
0.7705
0.9980
0.6846
0.0001
-0.6847
-0.9980
-0.7705
-0.1253
0.5877
0.9823
0.8444
0.2486
-0.4818
-0.9511
-0.9048
-0.3682
0.3680
0.9049
0.9510
0.4817
-0.2487
-0.8443
-0.9823
-0.5879
0.1255
0.7706
0.9980
0.6846
0.0001
-0.6845
-0.9980
-0.7704
-0.1253
0.5878
0.9823
0.8444
0.2488
-0.4819
-0.9511
-0.9048
-0.3681
0.3681
0.9048
0.9511
0.4816
-0.2488
-0.8443
-0.9823
-0.5879
0.1252
0.7706
0.9980
0.6845
0.0000
-0.6845
-0.9980
-0.7706
-0.1252
0.5879
0.9823
0.8443
0.2488
-0.4816
-0.9511
-0.9048
-0.3681
0.3681
0.9048
0.9511
0.4819
-0.2488
-0.8444
-0.9823
-0.5878
0.1253
0.7704
0.9980
0.6845
-0.0001
-0.6846
-0.9980
-0.7706
-0.1255
0.5879
0.9823
0.8443
0.2487
-0.4817
-0.9510
-0.9049
-0.3680
0.3682
0.9048
0.9511
0.4818
-0.2486
-0.8444
-0.9823
-0.5877
0.1253
0.7705
0.9980
0.6847
-0.0001
-0.6846
-0.9980
-0.7705
-0.1254
0.5877
0.9823
0.8443
0.2486
-0.4818
-0.9510
-0.9049
-0.3683
0.3683
0.9049
0.9510
0.4818
-0.2486
-0.8443
-0.9823
-0.5877
0.1254
0.7705
0.9980
0.6846
0.0001
-0.6847
-0.9980
-0.7705
-0.1253
0.5877
0.9823
0.8444
0.2486
-0.4818
-0.9511
-0.9048
-0.3682
0.3680
0.9049
0.9510
0.4817
-0.2487
-0.8443
-0.9823
-0.5879
0.1255
0.7706
0.9980
0.6846
0.0001
-0.6845
-0.9980
-0.7704
-0.1253
0.5878
0.9823
0.8444
0.2488
-0.4819
-0.9511
-0.9048
-0.3681
0.3681
0.9048
0.9511
0.4816
-0.2488
-0.8443
-0.9823
-0.5879
0.1252
0.7706
0.9980
0.6845
0.0000
-0.6845
-0.9980
-0.7706
-0.1252
0.5879
0.9823
0.8443
0.2488
-0.4816
-0.9511
-0.9048
-0.3681
0.3681
0.9048
0.9511
0.4819
-0.2488
-0.8444
-0.9823
-0.5878
0.1253
0.7704
0.9980
0.6845
-0.0001
-0.6846
-0.9980
-0.7706
-0.1255
0.5879
0.9823
0.8443
0.2487
-0.4817
-0.9510
-0.9049
-0.3680
0.3682
0.9048
0.9511
0.4818
-0.2486
-0.8444
-0.9823
-0.5877
0.1253
0.7705
0.9980
0.6847
-0.0001
-0.6846
-0.9980
-0.7705
-0.1254
0.5877
0.9823
0.8443
0.2486
-0.4818
-0.9510
-0.9049
-0.3683
0.3683
0.9049
0.9510
0.4818
-0.2486
-0.8443
-0.9823
-0.5877
0.1254
0.7705
0.9980
0.6846
0.0001
-0.6847
-0.9980
-0.7705
-0.1253
0.5877
0.9823
0.8444
0.2486
-0.4818
-0.9511
-0.9048
-0.3682
0.3680
0.9049
0.9510
0.4817
-0.2487
-0.8443
-0.9823
-0.5879
0.1255
0.7706
0.9980
0.6846
0.0001
-0.6845
-0.9980
-0.7704
-0.1253
0.5878
0.9823
0.8444
0.2488
-0.4819
-0.9511
-0.9048
-0.3681
0.3681
0.9048
0.9511
0.4816
-0.2488
-0.8443
-0.9823
-0.5879
0.1252
0.7706
0.9980
0.6845
0.0000
-0.6845
-0.9980
-0.7706
-0.1252
0.5879
0.9823
0.8443
0.2488
-0.4816
-0.9511
-0.9048
-0.3681
0.3681
0.9048
0.9511
0.4819
-0.2488
-0.8444
-0.9823
-0.5878
0.1253
0.7704
0.9980
0.6845
-0.0001
-0.6846
-0.9980
-0.7706
-0.1255
0.5879
0.9823
0.8443
0.2487
-0.4817
-0.9510
-0.9049
-0.3680
0.3682
0.9048
0.9511
0.4818
-0.2486
-0.8444
-0.9823
-0.5877
0.1253
0.7705
0.9980
0.6847
-0.0001
-0.6846
-0.9980
-0.7705
-0.1254
0.5877
0.9823
0.8443
0.2486
-0.4818
-0.9510
-0.9049
-0.3683
0.3683
0.9049
0.9510
0.4818
-0.2486
-0.8443
-0.9823
-0.5877
0.1254
0.7705
0.9980
0.6846
0.0001
-0.6847
-0.9980
-0.7705
-0.1253
0.5877
0.9823
0.8444
0.2486
-0.4818
-0.9511
-0.9048
-0.3682
0.3680
0.9049
0.9510
0.4817
-0.2487
-0.8443
-0.9823
-0.5879
0.1255
0.7706
0.9980
0.6846
0.0001
-0.6845
-0.9980
-0.7704
-0.1253
0.5878
0.9823
0.8444
0.2488
-0.4819
-0.9511
-0.9048
-0.3681
0.3681
0.9048
0.9511
0.4816
-0.2488
-0.8443
-0.9823
-0.5879
0.1252
0.7706
0.9980
0.6845
0.0000
-0.6845
-0.9980
-0.7706
-0.1252
0.5879
0.9823
0.8443
0.2488
-0.4816
-0.9511
-0.9048
-0.3681
0.3681
0.9048
0.9511
0.4819
-0.2488
-0.8444
-0.9823
-0.5878
0.1253
0.7704
0.9980
0.6845
-0.0001
-0.6846
-0.9980
-0.7706
-0.1255
0.5879
0.9823
0.8443
0.2487
-0.4817
-0.9510
-0.9049
-0.3680
0.3682
0.9048
0.9511
0.4818
-0.2486
-0.8444
-0.9823
-0.5877
0.1253
0.7705
0.9980
0.6847
-0.0001
-0.6846
-0.9980
-0.7705
-0.1254
0.5877
0.9823
0.8443
0.2486
-0.4818
-0.9510
-0.9049
-0.3683
0.3679
0.9049
0.9512
0.4818
-0.2490
-0.8443
-0.9823
-0.5880
0.1254
0.7703
0.9980
0.6844
0.0001
-0.6847
-0.9980
-0.7705
-0.1250
0.5877
0.9823
0.8444
0.2486
-0.4815
-0.9511
-0.9047
-0.3682
0.3683
0.9047
0.9510
0.4820
-0.2487
-0.8445
-0.9823
-0.5876
0.1251
0.7706
0.9980
0.6846
-0.0003
-0.6845
-0.9980
-0.7707
-0.1253
0.5875
0.9823
0.8442
0.2488
-0.4819
-0.9510
-0.9048
-0.3678
0.3681
0.9049
0.9511
0.4816
-0.2484
-0.8443
-0.9822
-0.5879
0.1256
0.7704
0.9980
0.6848
0.0000
-0.6848
-0.9980
-0.7704
-0.1256
0.5879
0.9822
0.8443
0.2484
-0.4816
-0.9511
-0.9049
-0.3681
0.3678
0.9048
0.9510
0.4819
-0.2488
-0.8442
-0.9823
-0.5875
0.1253
0.7707
0.9980
0.6845
0.0003
-0.6846
-0.9980
-0.7706
-0.1251
0.5876
0.9823
0.8445
0.2487
-0.4820
-0.9510
-0.9047
-0.3683
0.3682
0.9047
0.9511
0.4815
-0.2486
-0.8444
-0.9823
-0.5877
0.1250
0.7705
0.9980
0.6847
-0.0001
-0.6844
-0.9980
-0.7703
-0.1254
0.5880
0.9823
0.8443
0.2490
-0.4818
-0.9512
-0.9049
-0.3679
0.3679
0.9049
0.9512
0.4818
-0.2490
-0.8443
-0.9823
-0.5880
0.1254
0.7703
0.9980
0.6844
0.0001
-0.6847
-0.9980
-0.7705
-0.1250
0.5877
0.9823
0.8444
0.2486
-0.4815
-0.9511
-0.9047
-0.3682
0.3683
0.9047
0.9510
0.4820
-0.2487
-0.8445
-0.9823
-0.5876
0.1251
0.7706
0.9980
0.6846
-0.0003
-0.6845
-0.9980
-0.7707
-0.1253
0.5875
0.9823
0.8442
0.2488
-0.4819
-0.9510
-0.9048
-0.3678
0.3681
0.9049
0.9511
0.4816
-0.2484
-0.8443
-0.9822
-0.5879
0.1256
0.7704
0.9980
0.6848
0.0000
-0.6848
-0.9980
-0.7704
-0.1256
0.5879
0.9822
0.8443
0.2484
-0.4816
-0.9511
-0.9049
-0.3681
0.3678
0.9048
0.9510
0.4819
-0.2488
-0.8442
-0.9823
-0.5875
0.1253
0.7707
0.9980
0.6845
0.0003
-0.6846
-0.9980
-0.7706
-0.1251
0.5876
0.9823
0.8445
0.2487
-0.4820
-0.9510
-0.9047
-0.3683
0.3682
0.9047
0.9511
0.4815
-0.2486
-0.8444
-0.9823
-0.5877
0.1250
0.7705
0.9980
0.6847
-0.0001
-0.6844
-0.9980
-0.7703
-0.1254
0.5880
0.9823
0.8443
0.2490
-0.4818
-0.9512
-0.9049
-0.3679
0.3679
0.9049
0.9512
0.4818
-0.2490
-0.8443
-0.9823
-0.5880
0.1254
0.7703
0.9980
0.6844
0.0001
-0.6847
-0.9980
-0.7705
-0.1250
0.5877
0.9823
0.8444
0.2486
-0.4815
-0.9511
-0.9047
-0.3682
0.3683
0.9047
0.9510
0.4820
-0.2487
-0.8445
-0.9823
-0.5876
0.1251
0.7706
0.9980
0.6846
-0.0003
-0.6845
-0.9980
-0.7707
-0.1253
0.5875
0.9823
0.8442
0.2488
-0.4819
-0.9510
-0.9048
-0.3678
0.3681
0.9049
0.9511
0.4816
-0.2484
-0.8443
-0.9822
-0.5879
0.1256
0.7704
0.9980
0.6848
0.0000
-0.6848
-0.9980
-0.7704
-0.1256
0.5879
0.9822
0.8443
0.2484
-0.4816
-0.9511
-0.9049
-0.3681
0.3678
0.9048
0.9510
0.4819
-0.2488
-0.8442
-0.9823
-0.5875
0.1253
0.7707
0.9980
0.6845
0.0003
-0.6846
-0.9980
-0.7706
-0.1251
0.5876
0.9823
0.8445
0.2487
-0.4820
-0.9510
-0.9047
-0.3683
0.3682
0.9047
0.9511
0.4815
-0.2486
-0.8444
-0.9823
-0.5877
0.1250
0.7705
0.9980
0.6847
-0.0001
-0.6844
-0.9980
-0.7703
-0.1254
0.5880
0.9823
0.8443
0.2490
-0.4818
-0.9512
-0.9049
-0.3679
0.3679
0.9049
0.9512
0.4818
-0.2490
-0.8443
-0.9823
-0.5880
0.1254
0.7703
0.9980
0.6844
0.0001
-0.6847
-0.9980
-0.7705
-0.1250
0.5877
0.9823
0.8444
0.2486
-0.4815
-0.9511
-0.9047
-0.3682
0.3683
0.9047
0.9510
0.4820
-0.2487
-0.8445
-0.9823
-0.5876
0.1251
0.7706
0.9980
0.6846
-0.0003
-0.6845
-0.9980
-0.7707
-0.1253
0.5875
0.9823
0.8442
0.2488
-0.4819
-0.9510
-0.9048
-0.3678
0.3681
0.9049
0.9511
0.4816
-0.2484
-0.8443
-0.9822
-0.5879
0.1256
0.7704
0.9980
0.6848
0.0000
-0.6848
-0.9980
-0.7704
-0.1256
0.5879
0.9822
0.8443
0.2484
-0.4816
-0.9511
-0.9049
-0.3681
0.3678
0.9048
0.9510
0.4819
-0.2488
-0.8442
-0.9823
-0.5875
0.1253
0.7707
0.9980
0.6845
0.0003
-0.6846
-0.9980
-0.7706
-0.1251
0.5876
0.9823
0.8445
0.2487
-0.4820
-0.9510
-0.9047
-0.3683
0.3682
0.9047
0.9511
0.4815
-0.2486
-0.8444
-0.9823
-0.5877
0.1250
0.7705
0.9980
0.6847
-0.0001
-0.6844
-0.9980
-0.7703
-0.1254
0.5880
0.9823
0.8443
0.2490
-0.4818
-0.9512
-0.9049
-0.3679
0.3679
0.9049
0.9512
0.4818
-0.2490
-0.8443
-0.9823
-0.5880
0.1254
0.7703
0.9980
0.6844
0.0001
-0.6847
-0.9980
-0.7705
-0.1250
0.5877
0.9823
0.8444
0.2486
-0.4815
-0.9511
-0.9047
-0.3682
0.3683
0.9047
0.9510
0.4820
-0.2487
-0.8445
-0.9823
-0.5876
0.1251
0.7706
0.9980
0.6846
-0.0003
-0.6845
-0.9980
-0.7707
-0.1253
0.5875
0.9823
0.8442
0.2488
-0.4819
-0.9510
-0.9048
-0.3678
0.3681
0.9049
0.9511
0.4816
-0.2484
-0.8443
-0.9822
-0.5879
0.1256
0.7704
0.9980
0.6848
0.0000
-0.6848
-0.9980
-0.7704
-0.1256
0.5879
0.9822
0.8443
0.2484
-0.4816
-0.9511
-0.9049
-0.3681
0.3678
0.9048
0.9510
0.4819
-0.2488
-0.8442
-0.9823
-0.5875
0.1253
0.7707
0.9980
0.6845
0.0003
-0.6846
-0.9980
-0.7706
-0.1251
0.5876
0.9823
0.8445
0.2487
-0.4820
-0.9510
-0.9047
-0.3683
0.3682
0.9047
0.9511
0.4815
-0.2486
-0.8444
-0.9823
-0.5877
0.1250
0.7705
0.9980
0.6847
-0.0001
-0.6844
-0.9980
-0.7703
-0.1254
0.5880
0.9823
0.8443
0.2490
-0.4818
-0.9512
-0.9049
-0.3679
0.3679
0.9049
0.9512
0.4818
-0.2490
-0.8443
-0.9823
-0.5880
0.1254
0.7703
0.9980
0.6844
0.0001
-0.6847
-0.9980
-0.7705
-0.1250
0.5877
0.9823
0.8444
0.2486
-0.4815
-0.9511
-0.9047
-0.3682
0.3683
0.9047
0.9510
0.4820
-0.2487
-0.8445
-0.9823
-0.5876
0.1251
0.7706
0.9980
0.6846
-0.0003
-0.6845
-0.9980
-0.7707
-0.1253
0.5875
0.9823
0.8442
0.2488
-0.4819
-0.9510
-0.9048
-0.3678
0.3681
0.9049
0.9511
0.4816
-0.2484
-0.8443
-0.9822
-0.5879
0.1256
0.7704
0.9980
0.6848
0.0000
-0.6848
-0.9980
-0.7704
-0.1256
0.5879
0.9822
0.8443
0.2484
-0.4816
-0.9511
-0.9049
-0.3681
0.3678
0.9048
0.9510
0.4819
-0.2488
-0.8442
-0.9823
-0.5875
0.1253
0.7707
0.9980
0.6845
0.0003
-0.6846
-0.9980
-0.7706
-0.1251
0.5876
0.9823
0.8445
0.2487
-0.4820
-0.9510
-0.9047
-0.3683
0.3682
0.9047
0.9511
0.4815
-0.2486
-0.8444
-0.9823
-0.5877
0.1250
0.7705
0.9980
0.6847
-0.0001
-0.6844
-0.9980
-0.7703
-0.1254
0.5880
0.9823
0.8443
0.2490
-0.4818
-0.9512
-0.9049
-0.3679
0.3679
0.9049
0.9512
0.4818
-0.2490
-0.8443
-0.9823
-0.5880
0.1254
0.7703
0.9980
0.6844
0.0001
-0.6847
-0.9980
-0.7705
-0.1250
0.5877
0.9823
0.8444
0.2486
-0.4815
-0.9511
-0.9047
-0.3682
0.3683
0.9047
0.9510
0.4820
-0.2487
-0.8445
-0.9823
-0.5876
0.1251
0.7706
0.9980
0.6846
-0.0003
-0.6845
-0.9980
-0.7707
-0.1253
0.5875
0.9823
0.8442
0.2488
-0.4819
-0.9510
-0.9048
-0.3678
0.3681
0.9049
0.9511
0.4816
-0.2484
-0.8443
-0.9822
-0.5879
0.1256
0.7704
0.9980
0.6848
0.0000
-0.6848
-0.9980
-0.7704
-0.1256
0.5879
0.9822
0.8443
0.2484
-0.4816
-0.9511
-0.9049
-0.3681
0.3678
0.9048
0.9510
0.4819
-0.2488
-0.8442
-0.9823
-0.5875
0.1253
0.7707
0.9980
0.6845
0.0003
-0.6846
-0.9980
-0.7706
-0.1251
0.5876
0.9823
0.8445
0.2487
-0.4820
-0.9510
-0.9047
-0.3683
0.3682
0.9047
0.9511
0.4815
-0.2486
-0.8444
-0.9823
-0.5877
0.1250
0.7705
0.9980
0.6847
-0.0001
-0.6844
-0.9980
-0.7703
-0.1254
0.5880
0.9823
0.8443
0.2490
-0.4818
-0.9512
-0.9049
-0.3679
0.3679
0.9049
0.9512
0.4818
-0.2490
-0.8443
-0.9823
-0.5880
0.1254
0.7703
0.9980
0.6844
0.0001
-0.6847
-0.9980
-0.7705
-0.1250
0.5877
0.9823
0.8444
0.2486
-0.4815
-0.9511
-0.9047
-0.3682
0.3683
0.9047
0.9510
0.4820
-0.2487
-0.8445
-0.9823
-0.5876
0.1251
0.7706
0.9980
0.6846
-0.0003
-0.6845
-0.9980
-0.7707
-0.1253
0.5875
0.9823
0.8442
0.2488
-0.4819
-0.9510
-0.9048
-0.3678
0.3681
0.9049
0.9511
0.4816
-0.2484
-0.8443
-0.9822
-0.5879
0.1256
0.7704
0.9980
0.6848
0.0000
-0.6848
-0.9980
-0.7704
-0.1256
0.5879
0.9822
0.8443
0.2484
-0.4816
-0.9511
-0.9049
-0.3681
0.3678
0.9048
0.9510
0.4819
-0.2488
-0.8442
-0.9823
-0.5875
0.1253
0.7707
0.9980
0.6845
0.0003
-0.6846
-0.9980
-0.7706
-0.1251
0.5876
0.9823
0.8445
0.2487
-0.4820
-0.9510
-0.9047
-0.3683
0.3682
0.9047
0.9511
0.4815
-0.2486
-0.8444
-0.9823
-0.5877
0.1250
0.7705
0.9980
0.6847
-0.0001
-0.6844
-0.9980
-0.7703
-0.1254
0.5880
0.9823
0.8443
0.2490
-0.4818
-0.9512
-0.9049
-0.3679
0.3679
0.9049
0.9512
0.4818
-0.2490
-0.8443
-0.9823
-0.5880
0.1254
0.7703
0.9980
0.6844
0.0001
-0.6847
-0.9980
-0.7705
-0.1250
0.5877
0.9823
0.8444
0.2486
-0.4815
-0.9511
-0.9047
-0.3682
0.3683
0.9047
0.9510
0.4820
-0.2487
-0.8445
-0.9823
-0.5876
0.1251
0.7706
0.9980
0.6846
-0.0003
-0.6845
-0.9980
-0.7707
-0.1253
0.5875
0.9823
0.8442
0.2488
-0.4819
-0.9510
-0.9048
-0.3678
0.3681
0.9049
0.9511
0.4816
-0.2484
-0.8443
-0.9822
-0.5879
0.1256
0.7704
0.9980
0.6848
0.0000
-0.6848
-0.9980
-0.7704
-0.1256
0.5879
0.9822
0.8443
0.2484
-0.4816
-0.9511
-0.9049
-0.3681
0.3678
0.9048
0.9510
0.4819
-0.2488
-0.8442
-0.9823
-0.5875
0.1253
0.7707
0.9980
0.6845
0.0003
-0.6846
-0.9980
-0.7706
-0.1251
0.5876
0.9823
0.8445
0.2487
-0.4820
-0.9510
-0.9047
-0.3683
0.3682
0.9047
0.9511
0.4815
-0.2486
-0.8444
-0.9823
-0.5877
0.1250
0.7705
0.9980
0.6847
-0.0001
-0.6844
-0.9980
-0.7703
-0.1254
0.5880
0.9823
0.8443
0.2490
-0.4818
-0.9512
-0.9049
-0.3679
0.3679
0.9049
0.9512
0.4818
-0.2490
-0.8443
-0.9823
-0.5880
0.1254
0.7703
0.9980
0.6844
0.0001
-0.6847
-0.9980
-0.7705
-0.1250
0.5877
0.9823
0.8444
0.2486
-0.4815
-0.9511
-0.9047
-0.3682
0.3683
0.9047
0.9510
0.4820
-0.2487
-0.8445
-0.9823
-0.5876
0.1251
0.7706
0.9980
0.6846
-0.0003
-0.6845
-0.9980
-0.7707
-0.1253
0.5875
0.9823
0.8442
0.2488
-0.4819
-0.9510
-0.9048
-0.3678
0.3681
0.9049
0.9511
0.4816
-0.2484
-0.8443
-0.9822
-0.5879
0.1256
0.7704
0.9980
0.6848
0.0000
-0.6848
-0.9980
-0.7704
-0.1256
0.5879
0.9822
0.8443
0.2484
-0.4816
-0.9511
-0.9049
-0.3681
0.3678
0.9048
0.9510
0.4819
-0.2488
-0.8442
-0.9823
-0.5875
0.1253
0.7707
0.9980
0.6845
0.0003
-0.6846
-0.9980
-0.7706
-0.1251
0.5876
0.9823
0.8445
0.2487
-0.4820
-0.9510
-0.9047
-0.3683
0.3682
0.9047
0.9511
0.4815
-0.2486
-0.8444
-0.9823
-0.5877
0.1250
0.7705
0.9980
0.6847
-0.0001
-0.6844
-0.9980
-0.7703
-0.1254
0.5880
0.9823
0.8443
0.2490
-0.4818
-0.9512
-0.9049
-0.3679
0.3679
0.9049
0.9512
0.4818
-0.2490
-0.8443
-0.9823
-0.5880
0.1254
0.7703
0.9980
0.6844
0.0001
-0.6847
-0.9980
-0.7705
-0.1250
0.5877
0.9823
0.8444
0.2486
-0.4815
-0.9511
-0.9047
-0.3682
0.3683
0.9047
0.9510
0.4820
-0.2487
-0.8445
-0.9823
-0.5876
0.1251
0.7706
0.9980
0.6846
-0.0003
-0.6845
-0.9980
-0.7707
-0.1253
0.5875
0.9823
0.8442
0.2488
-0.4819
-0.9510
-0.9048
-0.3678
0.3681
0.9049
0.9511
0.4816
-0.2484
-0.8443
-0.9822
-0.5879
0.1256
0.7704
0.9980
0.6848
0.0000
-0.6848
-0.9980
-0.7704
-0.1256
0.5879
0.9822
0.8443
0.2484
-0.4816
-0.9511
-0.9049
-0.3681
0.3678
0.9048
0.9510
0.4819
-0.2488
-0.8442
-0.9823
-0.5875
0.1253
0.7707
0.9980
0.6845
0.0003
-0.6846
-0.9980
-0.7706
-0.1251
0.5876
0.9823
0.8445
0.2487
-0.4820
-0.9510
-0.9047
-0.3683
0.3682
0.9047
0.9511
0.4815
-0.2486
-0.8444
-0.9823
-0.5877
0.1250
0.7705
0.9980
0.6847
-0.0001
-0.6844
-0.9980
-0.7703
-0.1254
0.5880
0.9823
0.8443
0.2490
-0.4818
-0.9512
-0.9049
-0.3679
0.3679
0.9049
0.9512
0.4818
-0.2490
-0.8443
-0.9823
-0.5880
0.1254
0.7703
0.9980
0.6844
0.0001
-0.6847
-0.9980
-0.7705
-0.1250
0.5877
0.9823
0.8444
0.2486
-0.4815
-0.9511
-0.9047
-0.3682
0.3683
0.9047
0.9510
0.4820
-0.2487
-0.8445
-0.9823
-0.5876
0.1251
0.7706
0.9980
0.6846
-0.0003
-0.6845
-0.9980
-0.7707
-0.1253
0.5875
0.9823
0.8442
0.2488
-0.4819
-0.9510
-0.9048
-0.3678
0.3681
0.9049
0.9511
0.4816
-0.2484
-0.8443
-0.9822
-0.5879
0.1256
0.7704
0.9980
0.6848
0.0000
-0.6848
-0.9980
-0.7704
-0.1256
0.5879
0.9822
0.8443
0.2484
-0.4816
-0.9511
-0.9049
-0.3681
0.3678
0.9048
0.9510
0.4819
-0.2488
-0.8442
-0.9823
-0.5875
0.1253
0.7707
0.9980
0.6845
0.0003
-0.6846
-0.9980
-0.7706
-0.1251
0.5876
0.9823
0.8445
0.2487
-0.4820
-0.9510
-0.9047
-0.3683
0.3682
0.9047
0.9511
0.4815
-0.2486
-0.8444
-0.9823
-0.5877
0.1250
0.7705
0.9980
0.6847
-0.0001
-0.6844
-0.9980
-0.7703
-0.1254
0.5880
0.9823
0.8443
0.2490
-0.4818
-0.9512
-0.9049
-0.3679
0.3679
0.9049
0.9512
0.4818
-0.2490
-0.8443
-0.9823
-0.5880
0.1254
0.7703
0.9980
0.6844
0.0001
-0.6847
-0.9980
-0.7705
-0.1250
0.5877
0.9823
0.8444
0.2486
-0.4815
-0.9511
-0.9047
-0.3682
0.3683
0.9047
0.9510
0.4820
-0.2487
-0.8445
-0.9823
-0.5876
0.1251
0.7706
0.9980
0.6846
-0.0003
-0.6845
-0.9980
-0.7707
-0.1253
0.5875
0.9823
0.8442
0.2488
-0.4819
-0.9510
-0.9048
-0.3678
0.3681
0.9049
0.9511
0.4816
-0.2484
-0.8443
-0.9822
-0.5879
0.1256
0.7704
0.9980
0.6848
0.0000
-0.6848
-0.9980
-0.7704
-0.1256
0.5879
0.9822
0.8443
0.2484
-0.4816
-0.9511
-0.9049
-0.3681
0.3678
0.9048
0.9510
0.4819
-0.2488
-0.8442
-0.9823
-0.5875
0.1253
0.7707
0.9980
0.6845
0.0003
-0.6846
-0.9980
-0.7706
-0.1251
0.5876
0.9823
0.8445
0.2487
-0.4820
-0.9510
-0.9047
-0.3683
0.3682
0.9047
0.9511
0.4815
-0.2486
-0.8444
-0.9823
-0.5877
0.1250
0.7705
0.9980
0.6847
-0.0001
-0.6844
-0.9980
-0.7703
-0.1254
0.5880
0.9823
0.8443
0.2490
-0.4818
-0.9512
-0.9049
-0.3679
0.3679
0.9049
0.9512
0.4818
-0.2490
-0.8443
-0.9823
-0.5880
0.1254
0.7703
0.9980
0.6844
0.0001
-0.6847
-0.9980
-0.7705
-0.1250
0.5877
0.9823
0.8444
0.2486
-0.4815
-0.9511
-0.9047
-0.3682
0.3683
0.9047
0.9510
0.4820
-0.2487
-0.8445
-0.9823
-0.5876
0.1251
0.7706
0.9980
0.6846
-0.0003
-0.6845
-0.9980
-0.7707
-0.1253
0.5875
0.9823
0.8442
0.2488
-0.4819
-0.9510
-0.9048
-0.3678
0.3681
0.9049
0.9511
0.4816
-0.2484
-0.8443
-0.9822
-0.5879
0.1256
0.7704
0.9980
0.6848
0.0000
-0.6848
-0.9980
-0.7704
-0.1256
0.5879
0.9822
0.8443
0.2484
-0.4816
-0.9511
-0.9049
-0.3681
0.3678
0.9048
0.9510
0.4819
-0.2488
-0.8442
-0.9823
-0.5875
0.1253
0.7707
0.9980
0.6845
0.0003
-0.6846
-0.9980
-0.7706
-0.1251
0.5876
0.9823
0.8445
0.2487
-0.4820
-0.9510
-0.9047
-0.3683
0.3682
0.9047
0.9511
0.4815
-0.2486
-0.8444
-0.9823
-0.5877
0.1250
0.7705
0.9980
0.6847
-0.0001
-0.6844
-0.9980
-0.7703
-0.1254
0.5880
0.9823
0.8443
0.2490
-0.4818
-0.9512
-0.9049
-0.3679
0.3679
0.9049
0.9512
0.4818
-0.2490
-0.8443
-0.9823
-0.5880
0.1254
0.7703
0.9980
0.6844
0.0001
-0.6847
-0.9980
-0.7705
-0.1250
0.5877
0.9823
0.8444
0.2486
-0.4815
-0.9511
-0.9047
-0.3682
0.3683
0.9047
0.9510
0.4820
-0.2487
-0.8445
-0.9823
-0.5876
0.1251
0.7706
0.9980
0.6846
-0.0003
-0.6845
-0.9980
-0.7707
-0.1253
0.5875
0.9823
0.8442
0.2488
-0.4819
-0.9510
-0.9048
-0.3678
0.3681
0.9049
0.9511
0.4816
-0.2484
-0.8443
-0.9822
-0.5879
0.1256
0.7704
0.9980
0.6848
0.0000
-0.6848
-0.9980
-0.7704
-0.1256
0.5879
0.9822
0.8443
0.2484
-0.4816
-0.9511
-0.9049
-0.3681
0.3678
0.9048
0.9510
0.4819
-0.2488
-0.8442
-0.9823
-0.5875
0.1253
0.7707
0.9980
0.6845
0.0003
-0.6846
-0.9980
-0.7706
-0.1251
0.5876
0.9823
0.8445
0.2487
-0.4820
-0.9510
-0.9047
-0.3683
0.3682
0.9047
0.9511
0.4815
-0.2486
-0.8444
-0.9823
-0.5877
0.1250
0.7705
0.9980
0.6847
-0.0001
-0.6844
-0.9980
-0.7703
-0.1254
0.5880
0.9823
0.8443
0.2490
-0.4818
-0.9512
-0.9049
-0.3679
0.3679
0.9049
0.9512
0.4818
-0.2490
-0.8443
-0.9823
-0.5880
0.1254
0.7703
0.9980
0.6844
0.0001
-0.6847
-0.9980
-0.7705
-0.1250
0.5877
0.9823
0.8444
0.2486
-0.4815
-0.9511
-0.9047
-0.3682
0.3683
0.9047
0.9510
0.4820
-0.2487
-0.8445
-0.9823
-0.5876
0.1251
0.7706
0.9980
0.6846
-0.0003
-0.6845
-0.9980
-0.7707
-0.1253
0.5875
0.9823
0.8442
0.2488
-0.4819
-0.9510
-0.9048
-0.3678
0.3681
0.9049
0.9511
0.4816
-0.2484
-0.8443
-0.9822
-0.5879
0.1256
0.7704
0.9980
0.6848
0.0000
-0.6848
-0.9980
-0.7704
-0.1256
0.5879
0.9822
0.8443
0.2484
-0.4816
-0.9511
-0.9049
-0.3681
0.3678
0.9048
0.9510
0.4819
-0.2488
-0.8442
-0.9823
-0.5875
0.1253
0.7707
0.9980
0.6845
0.0003
-0.6846
-0.9980
-0.7706
-0.1251
0.5876
0.9823
0.8445
0.2487
-0.4820
-0.9510
-0.9047
-0.3683
0.3682
0.9047
0.9511
0.4815
-0.2486
-0.8444
-0.9823
-0.5877
0.1250
0.7705
0.9980
0.6847
-0.0001
-0.6844
-0.9980
-0.7703
-0.1254
0.5880
0.9823
0.8443
0.2490
-0.4818
-0.9512
-0.9049
-0.3679
0.3679
0.9049
0.9512
0.4818
-0.2490
-0.8443
-0.9823
-0.5880
0.1254
0.7703
0.9980
0.6844
0.0001
-0.6847
-0.9980
-0.7705
-0.1250
0.5877
0.9823
0.8444
0.2486
-0.4815
-0.9511
-0.9047
-0.3682
0.3683
0.9047
0.9510
0.4820
-0.2487
-0.8445
-0.9823
-0.5876
0.1251
0.7706
0.9980
0.6846
-0.0003
-0.6845
-0.9980
-0.7707
-0.1253
0.5875
0.9823
0.8442
0.2488
-0.4819
-0.9510
-0.9048
-0.3678
0.3681
0.9049
0.9511
0.4816
-0.2484
-0.8443
-0.9822
-0.5879
0.1256
0.7704
0.9980
0.6848
0.0000
-0.6848
-0.9980
-0.7704
-0.1256
0.5879
0.9822
0.8443
0.2484
-0.4816
-0.9511
-0.9049
-0.3681
0.3678
0.9048
0.9510
0.4819
-0.2488
-0.8442
-0.9823
-0.5875
0.1253
0.7707
0.9980
0.6845
0.0003
-0.6846
-0.9980
-0.7706
-0.1251
0.5876
0.9823
0.8445
0.2487
-0.4820
-0.9510
-0.9047
-0.3683
0.3682
0.9047
0.9511
0.4815
-0.2486
-0.8444
-0.9823
-0.5877
0.1250
0.7705
0.9980
0.6847
-0.0001
-0.6844
-0.9980
-0.7703
-0.1254
0.5880
0.9823
0.8443
0.2490
-0.4818
-0.9512
-0.9049
-0.3679
0.3679
0.9049
0.9512
0.4818
-0.2490
-0.8443
-0.9823
-0.5880
0.1254
0.7703
0.9980
0.6844
0.0001
-0.6847
-0.9980
-0.7705
-0.1250
0.5877
0.9823
0.8444
0.2486
-0.4815
-0.9511
-0.9047
-0.3682
0.3683
0.9047
0.9510
0.4820
-0.2487
-0.8445
-0.9823
-0.5876
0.1251
0.7706
0.9980
0.6846
-0.0003
-0.6845
-0.9980
-0.7707
-0.1253
0.5875
0.9823
0.8442
0.2488
-0.4819
-0.9510
-0.9048
-0.3678
0.3681
0.9049
0.9511
0.4816
-0.2484
-0.8443
-0.9822
-0.5879
0.1256
0.7704
0.9980
0.6848
0.0000
-0.6848
-0.9980
-0.7704
-0.1256
0.5879
0.9822
0.8443
0.2484
-0.4816
-0.9511
-0.9049
-0.3681
0.3678
0.9048
0.9510
0.4819
-0.2488
-0.8442
-0.9823
-0.5875
0.1253
0.7707
0.9980
0.6845
0.0003
-0.6846
-0.9980
-0.7706
-0.1251
0.5876
0.9823
0.8445
0.2487
-0.4820
-0.9510
-0.9047
-0.3683
0.3682
0.9047
0.9511
0.4815
-0.2486
-0.8444
-0.9823
-0.5877
0.1250
0.7705
0.9980
0.6847
-0.0001
-0.6844
-0.9980
-0.7703
-0.1254
0.5880
0.9823
0.8443
0.2490
-0.4818
-0.9512
-0.9049
-0.3679
0.3679
0.9049
0.9512
0.4818
-0.2490
-0.8443
