1.90
-1.33
-0.61
0.47
0.47
0.47
-0.25
0.11
0.11
-0.97
1.18
-0.25
-0.61
0.82
-0.25
0.11
0.11
0.82
0.82
-0.97
0.82
0.11
0.11
0.11
-0.61
0.47
-0.61
-0.25
1.54
0.11
0.11
-0.97
1.54
-0.25
-0.97
-0.61
-0.61
1.18
0.47
0.47
-0.61
0.11
-4.55
0.47
0.47
-0.61
-0.97
0.11
0.47
0.47
0.11
1.54
0.47
-0.97
1.18
-2.04
0.11
-0.25
0.11
0.82
-0.25
0.47
0.11
1.90
0.47
0.11
1.54
0.82
-0.61
0.82
-1.33
0.11
-0.97
0.11
-0.25
-0.61
2.26
0.47
-0.25
-0.61
0.11
0.47
-0.61
0.11
0.82
-0.25
0.82
-0.25
0.47
-0.61
0.11
-3.12
-0.97
0.82
0.11
-0.25
0.47
-0.61
0.47
-0.61
0.11
0.11
-0.97
1.90
0.11
0.11
1.18
-0.61
-0.97
0.47
1.18
0.47
0.82
0.82
-1.69
1.18
0.11
-0.97
2.26
-0.25
0.47
0.47
-0.25
0.82
-0.61
0.47
-0.25
1.54
-0.61
0.47
1.54
-0.61
0.47
-0.97
-2.40
-2.76
-5.99
-6.71
-11.73
-16.03
-18.18
-24.63
-29.29
-35.03
-40.77
-46.50
-51.16
-54.75
-59.05
-62.64
-65.87
-69.81
-74.47
-82.00
-93.47
-99.93
-103.51
-108.53
-114.27
-116.78
-122.52
-127.18
-131.12
-135.42
-138.29
-142.95
-146.18
-150.84
-155.50
-158.01
-163.39
-164.82
-168.77
-170.56
-172.71
-175.22
-176.30
-182.75
-181.67
-181.67
-184.54
-185.26
-186.69
-189.20
-190.28
-191.71
-193.87
-198.17
-199.96
-201.39
-204.26
-205.70
-208.21
-210.72
-216.45
-217.17
-220.04
-224.70
-226.85
-231.87
-237.61
-240.12
-244.06
-246.93
-251.95
-254.46
-256.97
-261.63
-262.71
-268.44
-272.39
-273.10
-274.54
-276.69
-280.27
-280.27
-282.43
-287.09
-286.37
-289.24
-288.88
-291.39
-293.18
-291.75
-293.54
-294.62
-297.48
-297.84
-298.20
-305.37
-301.07
-302.50
-301.79
-303.94
-298.92
-303.94
-304.30
-300.35
-303.22
-302.86
-301.07
-301.07
-298.56
-299.64
-300.71
-299.28
-297.48
-296.77
-299.99
-297.84
-298.92
-298.20
-297.48
-298.20
-297.13
-299.64
-298.20
-296.77
-298.20
-296.41
-298.56
-297.13
-297.13
-296.05
-297.48
-297.84
-296.77
-298.56
-298.20
-296.77
-296.77
-297.13
-296.05
-298.20
-296.41
-297.13
-297.84
-298.92
-298.20
-297.48
-298.20
-296.77
-297.84
-298.20
-298.56
-297.84
-299.64
-302.15
-303.22
-303.94
-305.37
-303.58
-306.81
-307.52
-307.88
-311.47
-312.18
-315.77
-315.77
-317.56
-318.64
-319.36
-321.15
-323.66
-325.09
-327.60
-328.32
-330.47
-331.55
-336.57
-338.00
-340.51
-344.45
-345.89
-349.83
-351.98
-354.85
-357.36
-358.80
-361.31
-361.31
-361.31
-364.17
-363.46
-366.32
-366.68
-368.48
-369.19
-368.83
-369.19
-367.76
-369.91
-369.19
-369.91
-369.91
-368.12
-368.48
-368.83
-369.55
-368.12
-368.48
-369.55
-368.83
-368.48
-367.40
-367.40
-368.83
-366.68
-369.19
-368.83
-367.04
-369.19
-366.32
-368.48
-367.40
-367.40
-368.83
-365.97
-368.83
-367.04
-368.83
-367.76
-367.04
-368.48
-366.68
-367.40
-368.48
-366.32
-366.68
-366.68
-367.04
-367.40
-367.76
-367.76
-366.68
-368.48
-368.48
-367.04
-367.76
-366.68
-367.40
-366.68
-367.76
-367.40
-364.89
-368.48
-366.32
-365.97
-367.76
-367.04
-367.40
-366.68
-367.76
-367.04
-365.97
-368.48
-365.61
-367.76
-367.76
-367.04
-367.04
-365.97
-368.83
-367.40
-367.76
-367.76
-366.32
-367.76
-365.25
-367.76
-367.04
-365.61
-368.12
-363.81
-366.68
-366.32
-366.68
-368.12
-363.10
-367.40
-366.68
-366.32
-368.48
-363.46
-368.12
-365.61
-365.97
-367.40
-364.17
-367.40
-367.04
-365.97
-366.32
-366.68
-366.32
-364.89
-366.68
-366.68
-365.97
-365.97
-366.32
-366.68
-366.32
-365.97
-365.97
-365.25
-367.40
-367.04
-366.32
-367.04
-366.68
-365.97
-365.61
-365.97
-364.17
-364.89
-365.97
-364.89
-365.61
-365.97
-364.53
-365.97
-365.25
-367.04
-365.25
-363.81
-365.25
-364.89
-365.97
-365.25
-365.97
-367.40
-364.53
-366.32
-366.32
-366.32
-364.53
-365.25
-366.32
-363.81
-365.97
-365.25
-364.89
-365.97
-364.53
-367.04
-364.89
-364.53
-366.32
-364.53
-365.25
-365.61
-364.89
-364.89
-364.17
-364.53
-364.53
-365.25
-365.61
-364.89
-364.89
-364.17
-365.97
-365.25
-365.61
-364.53
-364.53
-366.32
-364.53
-364.89
-365.61
-364.89
-364.89
-364.17
-367.04
-364.89
-363.81
-367.40
-365.25
-364.89
-365.61
-364.17
-365.61
-363.81
-365.61
-365.25
-365.25
-363.10
-364.17
-365.25
-364.53
-364.17
-364.53
-364.17
-365.61
-363.81
-365.61
-365.25
-363.10
-365.61
-363.81
-366.32
-366.32
-364.89
-364.89
-364.17
-365.25
-364.17
-364.89
-365.25
-363.46
-364.17
-364.89
-364.17
-364.17
-363.10
-365.25
-363.10
-364.89
-364.89
-362.02
-365.25
-363.81
-356.64
-364.89
-363.81
-363.46
-365.25
-364.89
-364.53
-364.53
-364.89
-363.10
-365.25
-364.17
-363.46
-364.89
-363.10
-365.61
-364.89
-364.53
-363.46
-363.81
-364.17
-362.38
-364.17
-364.17
-363.10
-365.25
-362.74
-364.53
-364.89
-363.10
-364.53
-364.17
-364.17
-363.81
-362.74
-365.25
-362.38
-364.17
-364.53
-363.46
-364.53
-361.66
-364.89
-363.81
-364.53
-363.46
-363.46
-363.81
-363.81
-363.46
-363.81
-363.46
-364.17
-362.02
-364.17
-363.46
-363.81
-363.10
-362.74
-363.81
-363.10
-363.81
-363.81
-362.02
-364.53
-364.17
-361.66
-365.61
-363.46
-363.46
-363.81
-364.53
-362.74
-363.46
-364.17
-354.85
-364.17
-363.10
-362.74
-363.10
-362.38
-364.17
-362.38
-363.81
-364.17
-362.02
-364.89
-363.10
-363.10
-363.81
-362.74
-363.10
-363.46
-363.10
-363.81
-362.38
-363.10
-362.74
-363.46
-364.89
-363.46
-363.10
-363.46
-363.46
-360.59
-363.10
-363.81
-362.74
-363.46
-364.17
-363.10
-362.38
-362.74
-359.87
-357.72
-357.00
-354.85
-353.42
-354.85
-354.13
-354.13
-355.57
-354.85
-355.93
-355.57
-355.57
-355.21
-355.57
-354.49
-353.78
-355.57
-355.93
-354.13
-353.42
-350.91
-350.19
-349.83
-351.27
-348.40
-348.76
-349.83
-349.47
-350.91
-351.27
-349.47
-350.19
-348.40
-351.98
-350.55
-350.91
-350.19
-349.47
-350.55
-350.19
-348.76
-329.39
-206.06
-19.61
8.35
-8.50
0.11
-0.61
-2.76
0.11
-0.61
-1.69
2.26
-1.33
1.54
-0.97
-1.33
-0.97
-0.61
1.18
-0.61
-0.61
-0.97
-0.61
0.11
-1.33
-0.61
0.82
-0.25
0.11
-0.61
0.82
0.47
-0.61
0.47
-0.97
0.82
-0.25
-0.97
1.90
0.47
1.90
0.82
1.18
2.98
0.47
0.47
0.82
0.47
-0.97
2.26
0.82
1.18
1.54
0.82
0.47
1.54
1.18
2.26
1.54
1.90
0.82
-0.25
-0.97
-1.69
-1.33
-0.61
-0.97
0.47
0.11
-0.61
2.98
-0.25
0.11
-1.33
1.18
0.11
0.11
0.11
-0.25
-0.25
-0.61
-1.33
-0.97
-1.69
-0.61
-3.12
-2.76
-0.61
-0.61
0.11
1.54
2.98
7.28
9.79
13.37
16.24
20.54
23.77
27.00
30.58
33.09
36.32
37.40
38.47
42.42
42.77
46.00
46.72
48.87
50.66
51.38
52.81
53.17
51.38
53.53
53.89
55.32
55.68
58.19
58.55
58.91
66.08
62.49
65.36
65.00
66.80
66.44
67.15
67.51
68.95
69.31
70.38
70.38
71.46
72.89
74.33
76.48
77.55
78.63
77.91
78.99
80.42
81.14
82.21
82.57
82.93
84.72
84.01
85.80
85.80
87.95
88.31
87.95
89.74
89.74
89.38
89.03
89.03
90.46
90.10
91.89
90.10
90.82
90.82
89.74
91.89
91.89
91.18
93.33
92.61
91.89
90.82
92.97
94.76
93.33
94.05
93.33
94.40
93.33
91.89
93.33
91.89
92.97
92.25
91.89
91.89
91.89
93.69
94.40
95.48
94.40
95.84
96.56
96.20
96.91
96.91
96.91
97.63
97.99
98.71
98.71
96.20
98.71
98.71
99.78
99.78
99.78
99.06
99.42
100.86
99.78
97.27
99.42
97.27
97.99
96.20
97.27
96.56
96.20
96.56
96.20
97.27
96.20
96.56
96.56
96.91
96.20
97.27
96.20
97.27
95.84
96.91
95.48
97.27
95.84
96.20
96.20
96.20
96.56
96.91
96.56
98.71
99.06
100.14
100.14
99.78
100.50
99.42
101.22
98.35
97.63
97.63
96.20
97.63
96.56
96.20
96.20
96.20
96.20
94.76
94.40
91.18
89.74
87.59
83.29
77.19
69.66
61.78
55.68
49.59
49.23
45.28
45.28
43.49
43.13
42.42
43.49
42.77
42.06
41.70
41.70
41.34
41.34
40.98
38.47
41.70
40.26
40.62
40.62
40.98
42.06
42.77
45.28
46.72
49.23
52.10
53.53
54.96
57.12
61.42
62.85
62.85
65.36
65.00
65.00
65.36
65.72
67.87
65.36
66.44
66.44
64.29
65.72
67.51
71.82
70.74
72.89
73.25
75.04
77.19
77.19
78.63
78.99
78.63
79.70
78.27
78.27
77.19
76.12
76.12
75.76
74.68
76.12
75.04
76.48
76.48
77.91
75.76
75.40
74.33
72.17
71.82
70.74
68.23
68.23
68.59
70.38
69.31
70.02
70.38
71.46
72.53
72.53
72.89
72.89
71.82
75.04
73.97
75.40
74.68
75.76
75.40
76.84
76.84
78.63
77.55
77.91
76.84
77.55
76.84
79.35
77.55
76.12
76.84
75.04
74.68
73.61
70.74
71.10
68.95
69.66
66.80
67.15
66.44
64.29
65.36
64.29
63.93
61.42
58.55
57.12
53.17
50.30
46.00
41.34
37.75
34.17
32.02
26.28
24.13
19.83
16.24
15.52
12.30
9.07
9.07
6.20
4.77
3.69
3.33
1.54
1.90
2.62
1.18
0.47
1.54
-0.61
0.47
-0.97
-0.61
-0.61
-2.04
-0.97
-1.69
-1.33
-1.69
-0.25
-0.97
-3.48
-1.69
-3.84
-0.61
-1.33
-2.04
-1.33
-0.97
-0.61
-1.33
-2.04
-1.69
-1.69
-0.97
-2.40
-2.04
-1.69
-2.40
-2.40
-4.20
-3.84
-5.27
-4.55
-5.63
-4.55
-3.12
-3.48
-1.33
-0.25
0.11
0.82
0.11
-0.25
1.54
0.47
0.11
0.82
-0.25
1.90
-0.97
1.54
0.47
2.62
1.54
-0.61
1.90
-1.33
-0.97
-2.40
-5.27
-7.06
-8.50
-10.29
-12.80
-12.80
-17.46
-21.05
-24.27
-26.07
-30.73
-34.67
-36.11
-38.26
-41.48
-42.92
-46.86
-50.09
-50.81
-53.32
-57.26
-59.41
-63.36
-64.07
-65.51
-68.02
-71.96
-73.39
-75.19
-78.06
-76.62
-79.85
-82.36
-83.08
-87.38
-89.53
-92.04
-92.04
-93.11
-94.19
-93.47
-95.27
-96.34
-97.78
-100.64
-103.15
-104.95
-106.38
-109.61
-111.40
-111.76
-112.83
-112.83
-114.63
-117.85
-118.93
-121.08
-122.16
-125.38
-127.18
-129.33
-130.76
-131.48
-134.35
-135.78
-139.01
-140.80
-142.59
-147.25
-148.69
-150.48
-151.92
-153.71
-156.58
-156.58
-158.01
-160.52
-159.80
-161.24
-159.45
-161.24
-161.24
-163.75
-162.67
-161.24
-161.24
-159.80
-160.88
-159.80
-158.01
-159.45
-156.94
-157.29
-156.58
-151.56
-146.54
-143.31
-146.18
-146.18
-145.46
-145.46
-145.10
-145.82
-144.39
-145.46
-147.25
-145.10
-146.18
-144.74
-145.10
-145.82
-145.10
-144.74
-145.10
-145.46
-144.39
-137.22
-145.82
-144.03
-145.82
-145.10
-145.10
-143.67
-144.39
-145.46
-144.74
-144.39
-145.10
-144.74
-145.82
-145.10
-145.10
-144.03
-144.74
-144.74
-144.39
-145.10
-144.39
-144.74
-145.10
-145.82
-145.46
-145.10
-145.10
-135.78
-122.16
-112.48
-96.70
-83.79
-71.96
-58.34
-45.07
-31.09
-15.31
-7.06
-3.12
-1.33
0.11
-1.69
0.11
-0.61
-0.97
2.26
0.11
-0.97
0.82
-8.50
0.11
-0.25
-2.04
0.47
-0.61
0.11
1.18
0.47
0.47
0.11
0.11
-0.61
0.11
-0.97
-2.04
0.82
0.11
0.82
-0.25
-0.25
0.47
-0.61
1.54
-0.61
0.11
0.11
-0.97
0.47
-0.97
1.54
-0.97
-1.69
0.11
-0.61
-0.61
0.47
-0.61
-0.25
-0.25
1.90
-0.97
-0.25
0.11
-0.61
0.47
-0.25
-0.97
0.82
0.11
-0.61
-0.25
-0.25
-0.25
-0.61
-0.25
0.47
0.11
0.82
0.47
-0.25
-0.25
0.82
-0.61
-0.61
-1.33
1.54
-0.25
-0.25
0.11
-0.97
-1.33
0.82
-0.97
-0.25
0.11
-0.97
-0.61
0.11
-0.61
-0.97
0.11
-1.33
-2.04
-0.25
-1.69
-2.76
-0.97
-2.76
-3.12
-2.76
-4.91
-4.20
-4.91
-6.35
-6.35
-5.27
-6.71
-8.14
-7.06
-9.57
-10.29
-11.01
-11.37
-9.57
-7.42
-3.12
-1.69
-2.04
-1.33
-1.33
-0.61
-2.04
-0.61
-1.33
-1.69
0.11
-2.04
-1.33
0.11
-0.97
-0.97
-0.97
-0.61
-1.33
-0.97
0.82
-1.33
1.18
-0.25
-1.33
0.82
-0.97
-0.25
0.11
-0.97
-0.97
-0.25
1.18
-0.97
1.18
-2.04
-0.97
0.47
-1.33
0.47
-0.61
0.11
0.11
-0.97
0.82
-0.25
-1.33
1.18
-0.61
0.11
-0.25
-0.25
-0.25
0.11
0.47
-0.25
0.82
-0.25
-1.69
0.47
-0.61
0.11
-0.25
0.47
0.11
-0.97
0.47
-0.25
-0.25
0.11
1.90
0.82
-0.61
-0.97
0.82
-0.97
0.47
0.82
-0.25
-0.61
0.11
-0.25
-0.25
1.18
0.47
0.11
-0.25
0.47
0.47
-0.97
0.47
0.11
0.11
0.47
-0.25
-0.97
-3.12
-0.25
-0.25
1.18
0.82
-0.61
-0.25
-0.61
-0.25
1.18
0.11
-0.97
-0.25
0.11
0.82
-0.25
0.47
0.47
-0.61
0.82
-0.25
-1.33
0.47
-0.97
0.47
1.18
1.90
0.11
-0.25
-0.61
-0.97
1.18
-0.97
-0.61
1.18
-1.69
0.82
0.47
-0.97
0.47
-0.25
0.11
-0.61
-1.33
1.54
-0.97
-0.61
0.82
0.11
0.11
0.47
0.47
-0.61
0.47
0.47
0.11
0.11
-0.25
0.47
-0.61
-0.25
0.82
-1.33
0.47
0.82
-0.25
-0.25
-0.61
0.47
-0.25
0.82
1.18
-0.25
0.11
-0.25
0.82
0.11
-0.61
-0.25
-0.61
0.11
0.47
-0.97
-0.25
1.18
0.47
-0.25
0.47
-0.25
-0.61
0.11
-0.25
0.11
-0.25
-0.25
0.82
-0.97
0.82
0.47
-2.04
-0.25
0.11
0.11
-1.33
-2.40
0.82
-0.25
0.82
0.82
-42.92
0.11
0.82
0.82
-0.61
0.82
-0.25
0.47
1.18
0.82
1.54
0.47
0.47
-1.33
-0.61
0.82
-0.61
-0.61
0.82
-0.25
1.18
-0.25
-0.25
-0.25
-0.97
2.98
-0.25
-0.25
0.82
-0.61
0.11
-0.97
1.18
-0.61
-0.97
0.47
1.18
0.47
0.82
-0.25
0.11
-0.25
0.47
0.82
-0.25
0.82
2.98
1.18
-3.12
1.18
0.47
-0.25
1.18
-0.97
-0.25
0.47
1.18
0.82
-0.97
0.47
0.47
-0.61
0.47
-0.61
0.11
-0.25
-0.97
1.18
0.47
0.47
1.18
0.11
0.11
0.47
0.82
-0.25
-0.25
1.18
-1.33
0.47
0.47
1.54
-0.25
0.11
-0.97
0.11
-0.25
0.11
-0.25
0.82
-0.25
-0.25
