-139.37
-141.88
-141.52
-141.52
-141.16
-141.88
-142.23
-141.52
-141.88
-140.80
-141.16
-141.88
-142.59
-143.31
-140.44
-140.80
-141.52
-141.88
-142.95
-141.52
-140.08
-142.59
-142.23
-140.44
-140.80
-141.52
-141.52
-142.95
-140.80
-141.16
-142.23
-141.52
-141.52
-142.23
-140.80
-141.52
-140.44
-141.88
-142.23
-140.44
-140.80
-140.80
-143.31
-141.52
-140.44
-141.52
-141.88
-141.88
-141.16
-141.16
-141.16
-141.88
-141.88
-139.73
-142.23
-141.52
-140.80
-141.16
-140.44
-140.44
-141.52
-141.52
-142.59
-140.44
-141.16
-142.59
-142.59
-140.44
-140.08
-140.08
-141.16
-140.80
-141.16
-140.44
-140.44
-140.80
-141.52
-142.95
-140.44
