93.33
92.25
94.76
94.05
94.40
94.40
94.40
93.33
94.40
94.05
93.69
93.69
95.12
93.69
93.69
93.69
94.05
94.76
93.69
94.05
95.12
94.40
91.89
94.40
94.05
93.69
93.69
94.40
94.05
92.97
94.05
93.69
94.40
94.05
92.97
95.48
93.69
94.76
93.69
94.40
94.76
93.33
94.40
94.05
94.76
93.33
93.33
94.76
93.33
94.05
93.69
94.40
93.69
93.69
94.05
94.40
94.05
94.05
94.76
93.69
93.69
95.12
93.69
93.69
95.12
93.69
95.12
93.33
93.69
94.40
93.69
95.12
93.69
92.97
94.05
92.97
94.40
92.97
94.05
94.40
94.76
95.48
92.61
94.05
94.05
92.97
94.05
93.69
95.48
93.69
92.97
94.40
93.33
94.40
92.61
90.46
94.05
93.33
94.76
91.89
94.05
93.69
94.05
95.12
93.69
94.05
94.05
94.40
95.12
93.33
93.33
94.40
92.97
94.40
92.25
94.05
94.76
93.33
94.40
93.69
93.69
95.12
92.97
94.40
92.97
94.05
94.40
92.25
94.40
94.40
94.76
95.12
97.99
95.48
88.31
93.69
94.76
94.76
94.40
92.97
94.05
94.05
94.76
94.40
93.33
94.40
93.33
96.20
94.05
92.25
94.05
93.33
93.69
93.69
93.69
94.40
92.97
94.05
93.33
95.84
93.33
92.97
94.05
93.33
95.48
93.33
93.33
94.40
93.33
94.40
94.05
94.05
94.40
93.69
95.12
93.69
95.12
93.33
94.40
93.33
93.69
94.05
93.69
93.69
92.61
94.40
94.40
93.69
93.69
94.05
93.33
93.33
94.05
93.33
93.33
94.40
94.05
93.69
93.33
94.05
94.05
93.69
100.14
94.05
92.25
93.69
94.05
94.76
94.05
94.05
94.40
93.69
94.05
94.76
94.40
92.97
93.33
95.48
94.05
94.40
92.97
94.05
67.15
94.05
94.76
92.25
94.05
93.69
95.48
95.12
94.40
94.76
93.33
94.05
94.76
94.40
94.40
94.05
95.12
93.33
93.69
95.12
92.97
94.05
94.05
94.05
94.40
92.97
94.40
93.69
94.05
94.05
93.33
94.76
92.61
93.33
93.69
92.61
94.05
92.97
94.76
93.33
94.05
94.40
92.97
94.05
93.33
94.05
94.05
92.97
94.40
92.97
94.05
94.40
93.33
94.05
92.97
94.05
94.40
92.97
94.05
92.97
94.40
93.33
94.76
93.33
93.69
94.05
94.05
93.33
93.69
92.97
95.48
93.69
94.76
93.69
94.05
93.69
93.69
94.05
93.33
94.05
94.40
92.97
94.05
93.33
94.76
91.54
92.61
95.48
93.69
94.40
94.40
93.69
91.54
93.69
95.48
93.69
91.89
94.40
92.97
92.97
92.97
94.76
94.05
94.05
93.69
92.97
94.40
93.33
92.61
93.69
94.40
94.05
94.05
92.97
94.40
93.33
94.76
92.61
92.97
93.33
94.05
94.76
94.05
91.89
94.40
94.40
95.12
94.05
94.05
94.40
93.33
93.69
90.82
93.69
94.05
94.05
93.69
92.25
94.05
94.40
93.33
94.76
92.61
96.56
92.97
89.74
93.33
92.97
93.33
93.69
95.12
94.40
92.25
93.69
93.33
95.48
93.69
94.05
93.69
94.05
95.48
92.97
91.89
94.05
93.33
94.05
94.05
95.12
94.05
93.69
93.69
94.40
94.05
93.69
92.97
95.12
94.40
94.40
94.76
93.33
94.40
94.05
94.05
94.05
93.69
94.76
94.05
94.76
92.97
93.33
93.69
94.40
94.40
93.69
92.97
94.05
93.33
94.40
93.33
94.05
93.33
93.69
94.40
94.05
94.05
93.33
93.33
94.40
93.69
93.33
93.33
92.61
94.05
92.97
94.05
96.20
92.97
93.33
94.05
94.40
94.40
94.05
94.40
92.61
94.40
94.40
94.05
94.05
92.97
94.40
94.05
95.12
94.76
92.97
93.33
93.33
93.69
94.05
93.33
93.33
89.74
94.76
93.69
94.40
93.69
93.33
94.05
94.40
93.33
92.97
93.33
94.76
94.40
94.40
93.69
91.89
94.05
94.76
94.40
92.61
94.05
93.33
93.69
93.69
94.05
94.40
94.76
93.69
95.12
93.69
94.76
94.76
93.33
92.97
94.05
94.05
94.40
92.61
94.40
93.69
94.76
95.12
92.97
93.33
93.69
94.40
94.05
93.69
94.05
93.33
93.69
94.05
94.05
92.97
90.46
94.40
93.33
93.33
93.69
93.33
94.05
93.33
94.40
94.40
94.40
93.69
94.40
93.33
92.97
93.69
94.05
94.40
94.05
92.97
94.05
94.76
92.25
94.05
92.97
94.05
94.40
93.69
93.33
93.69
93.33
94.76
93.33
86.87
94.05
92.97
90.46
92.97
93.69
93.33
94.76
93.69
93.69
94.05
93.69
94.05
93.33
93.69
93.69
94.05
94.40
92.97
94.40
93.69
94.40
94.40
93.33
94.40
93.33
93.33
94.76
94.05
93.33
94.76
94.76
94.40
93.69
94.40
93.69
94.05
94.05
94.05
94.05
93.69
94.76
93.69
92.61
93.33
93.69
92.97
94.05
93.69
94.40
92.97
94.05
93.33
93.69
93.33
93.33
92.97
94.05
93.69
95.12
93.69
95.48
92.97
93.69
94.05
93.33
98.71
93.69
94.76
94.05
94.40
94.05
93.69
92.97
93.33
92.61
93.69
94.40
94.40
94.40
93.33
94.76
92.97
94.05
94.05
93.33
93.33
92.97
95.12
94.40
94.05
92.97
92.61
93.33
94.05
93.33
92.61
93.69
93.33
92.97
94.76
93.69
91.89
93.69
93.69
92.97
93.69
92.61
93.33
93.33
96.91
94.40
94.05
94.05
92.97
94.40
93.69
94.05
93.69
94.05
94.76
93.69
93.69
94.40
93.69
93.33
93.69
93.69
92.61
92.97
87.23
93.33
94.40
93.69
93.33
94.40
92.61
93.33
93.33
94.40
93.69
94.05
93.69
92.97
93.69
94.05
91.89
93.33
94.05
94.05
93.33
92.97
94.05
93.33
94.05
94.05
92.25
94.05
94.05
94.40
94.76
92.97
94.40
92.25
93.69
93.69
94.40
92.97
92.61
94.40
93.69
91.54
93.69
94.05
93.33
93.69
92.25
94.76
93.69
94.05
93.69
93.69
93.33
92.61
93.69
92.97
94.05
93.69
94.76
94.40
93.33
93.69
93.69
94.05
93.69
91.89
94.40
92.61
94.05
93.33
93.69
94.05
94.76
93.33
94.05
95.84
94.40
93.69
94.40
93.33
92.25
94.05
94.40
94.40
93.33
94.40
92.97
93.33
93.69
93.33
93.33
94.05
92.61
93.69
92.97
94.05
93.33
92.97
94.05
92.97
94.40
94.05
93.69
93.69
92.97
94.40
93.33
94.76
93.69
92.97
93.69
93.69
94.40
94.76
93.69
94.40
93.69
92.97
94.05
93.33
95.12
93.33
94.05
92.97
92.97
93.33
92.25
94.05
92.97
93.69
94.05
92.97
93.69
92.97
94.05
93.69
93.33
94.05
92.97
93.69
94.40
92.61
93.69
92.25
94.40
93.33
93.33
93.33
94.40
94.40
94.40
92.25
92.97
92.97
93.33
93.33
94.05
92.61
93.69
94.05
93.33
92.61
94.40
93.69
93.69
93.69
94.76
94.76
93.33
94.40
93.33
93.69
94.05
91.89
92.25
93.33
92.97
92.97
93.33
94.05
92.61
94.05
93.69
93.69
93.69
94.05
94.05
92.97
92.97
94.05
91.89
94.05
92.97
94.40
95.12
93.69
93.33
94.40
94.05
93.69
93.33
94.05
93.69
93.33
94.05
94.05
93.33
93.33
92.61
93.33
94.40
94.40
92.61
93.69
94.05
93.69
92.97
92.25
94.05
93.33
94.40
92.97
93.69
94.76
93.69
92.97
93.69
94.40
94.40
92.97
94.05
94.05
94.40
93.69
93.69
91.89
94.05
94.40
94.76
92.97
94.05
93.33
95.12
93.33
92.61
93.33
95.48
94.05
94.05
93.33
95.12
92.61
94.05
93.69
93.33
94.76
92.61
95.12
93.69
93.69
93.69
91.89
94.40
92.97
94.05
93.33
92.25
93.69
94.05
94.05
93.69
92.61
94.05
92.25
93.33
116.28
94.40
92.97
92.61
93.69
93.33
94.05
91.89
92.97
92.97
92.61
94.76
93.33
93.33
92.97
93.33
94.05
94.05
92.61
93.33
92.97
95.12
94.05
95.12
93.69
92.61
93.69
92.25
94.05
94.05
93.69
94.05
93.33
94.05
94.05
93.33
92.97
93.33
94.05
93.69
93.69
94.05
92.61
93.33
92.25
93.69
94.05
94.05
93.33
94.05
94.05
94.40
92.25
93.69
92.97
80.06
93.33
93.69
93.69
93.69
93.69
95.12
94.05
93.33
93.33
93.33
94.40
93.33
93.69
92.61
94.05
92.25
94.76
94.05
93.33
93.33
92.61
93.69
93.69
93.69
94.05
94.05
92.97
93.69
91.89
94.40
92.97
94.05
93.33
94.05
93.69
93.33
93.69
93.33
94.05
93.33
92.97
94.40
93.33
94.05
92.97
92.97
93.33
93.69
93.69
92.97
92.61
94.40
93.33
94.05
93.33
93.33
93.69
94.40
92.97
94.40
91.89
93.69
92.61
95.12
92.97
94.40
93.69
94.05
94.05
93.69
94.05
93.33
92.97
94.40
93.69
93.33
93.69
92.25
93.69
94.40
95.12
93.33
92.61
92.97
93.69
94.05
93.33
93.69
93.69
93.69
93.33
93.69
93.69
92.25
94.05
94.05
93.33
93.69
94.05
92.61
92.97
92.97
95.12
94.05
93.69
92.97
93.69
92.97
94.76
91.89
93.33
91.89
94.05
93.69
94.40
91.18
94.05
94.40
93.69
93.69
93.33
92.61
93.69
92.97
93.33
94.05
92.97
93.33
93.69
94.05
93.69
91.89
94.05
93.69
94.05
92.97
94.40
94.40
92.97
94.05
93.33
95.84
92.97
92.97
92.97
94.05
94.05
93.69
94.05
94.40
91.89
94.40
93.33
92.61
94.05
91.89
94.05
94.05
93.33
92.97
92.61
94.05
93.33
94.05
93.69
92.97
94.40
92.97
94.40
94.05
93.33
93.69
93.69
94.05
93.69
95.12
94.05
93.33
93.69
94.05
92.61
93.69
93.69
92.97
93.69
94.05
92.61
93.33
93.33
92.97
94.05
94.05
91.54
94.40
94.40
94.40
94.05
93.33
94.05
92.61
92.97
93.69
92.61
94.40
93.69
94.40
93.33
93.33
93.33
87.95
93.69
92.25
93.33
94.40
93.33
94.76
92.97
93.69
93.33
93.69
94.40
93.33
93.33
93.33
92.25
94.40
93.33
94.05
93.33
95.48
94.05
94.40
94.40
92.97
94.40
94.05
92.25
92.97
92.97
93.69
94.05
92.97
94.40
92.97
94.40
93.69
93.69
93.69
92.97
93.33
93.69
93.69
94.05
92.61
94.05
94.40
92.61
94.05
94.05
93.33
93.33
94.05
93.33
93.33
94.05
94.05
94.05
93.33
93.33
94.05
94.05
93.69
93.33
92.25
93.69
93.33
92.97
94.40
92.97
93.69
92.97
94.76
93.69
93.69
93.33
92.97
93.33
93.33
94.40
94.76
92.61
94.05
93.33
94.40
92.97
92.61
93.69
94.40
94.05
91.89
92.25
94.40
94.05
94.40
92.97
93.69
94.05
92.61
94.05
92.61
95.48
94.05
93.69
94.76
93.69
93.33
94.05
94.05
94.40
94.40
94.40
94.40
92.25
93.69
92.25
95.84
92.97
93.69
93.69
92.61
93.69
94.40
94.05
92.25
93.69
92.97
92.97
94.05
94.05
91.89
93.69
92.97
94.40
94.05
93.33
92.97
92.97
93.69
92.97
93.69
94.40
93.33
93.33
94.40
93.69
93.69
92.97
94.76
93.69
93.69
93.33
93.69
93.33
93.33
94.05
93.33
93.69
92.97
93.33
94.05
94.05
93.33
94.40
92.61
92.97
94.40
92.61
95.48
93.69
92.25
93.69
93.69
93.69
91.54
92.61
93.33
93.69
93.33
92.97
92.97
93.69
93.33
92.97
92.61
92.97
94.76
93.69
94.05
92.61
93.69
92.97
92.61
93.69
93.69
94.05
92.61
94.76
93.69
93.69
94.05
92.25
94.40
94.05
93.69
92.97
91.18
93.69
92.97
94.05
93.69
92.61
94.05
92.61
94.76
93.33
93.33
92.97
93.69
92.97
93.33
93.33
92.97
93.33
94.05
93.33
93.69
93.69
92.25
94.40
94.40
94.05
94.40
92.25
94.05
93.33
94.76
93.33
92.97
92.61
93.69
93.69
93.69
94.40
92.97
91.54
94.05
94.05
93.33
93.69
92.25
94.40
92.61
93.69
91.89
92.61
94.05
93.33
93.33
94.76
93.69
93.69
92.97
94.05
93.33
94.05
93.69
93.33
93.33
93.33
94.05
92.97
93.69
92.97
92.97
94.05
93.33
92.61
94.05
93.69
94.05
93.69
91.54
95.84
92.61
94.40
92.97
92.61
93.69
94.05
92.97
93.69
92.97
94.05
92.25
93.69
92.97
93.69
92.25
92.25
94.76
93.33
93.33
93.69
92.61
94.40
93.33
93.69
91.89
92.61
94.05
93.33
92.97
94.05
94.05
93.69
92.97
93.69
93.69
93.69
93.33
91.89
94.05
92.97
94.05
95.84
94.05
93.69
93.33
94.40
93.33
92.97
94.40
93.33
93.69
92.61
92.61
93.33
92.61
91.89
93.33
98.35
94.40
92.61
93.69
92.97
94.40
92.97
92.61
94.40
93.33
94.40
91.89
93.33
92.97
94.05
93.69
94.05
92.61
94.40
92.97
94.05
92.61
94.05
94.05
93.33
93.69
93.69
94.05
93.69
94.05
93.69
93.69
92.61
93.33
92.97
94.40
91.54
94.40
93.33
92.25
93.33
93.33
93.33
92.97
94.05
93.69
91.89
94.76
92.97
94.40
92.61
94.05
93.69
93.69
92.97
93.69
92.25
93.69
94.76
94.40
92.61
93.33
92.97
93.33
92.97
88.31
92.97
94.40
92.25
93.69
92.97
94.40
93.69
92.61
85.80
92.97
93.33
94.40
92.97
94.05
91.18
93.69
93.33
92.61
92.97
91.89
94.40
93.33
93.33
93.69
92.97
92.25
93.69
92.61
94.05
93.33
93.69
94.05
94.76
92.97
92.25
92.97
92.97
94.40
95.12
92.61
94.05
92.61
94.05
94.05
93.33
93.33
92.25
94.05
94.40
93.33
91.89
92.97
93.69
93.33
93.33
93.33
93.33
94.40
91.89
90.10
92.25
91.89
93.33
93.69
93.69
92.61
92.97
91.89
92.97
94.05
93.69
92.97
93.33
93.69
93.69
92.97
93.33
94.40
93.69
94.40
93.33
93.69
93.33
92.97
92.61
92.97
93.33
93.33
93.33
94.05
92.97
93.69
93.69
92.61
93.33
93.69
94.05
92.97
96.20
94.05
93.33
93.69
93.33
94.40
92.97
91.89
94.40
92.97
94.05
92.25
92.25
92.97
93.69
92.61
92.97
92.97
92.61
92.61
106.59
93.69
92.97
92.97
93.33
93.33
92.61
93.69
92.97
93.33
93.33
91.89
93.33
92.25
93.33
93.69
93.33
93.33
93.69
92.97
92.97
92.25
92.97
93.69
93.33
93.33
92.61
93.33
93.33
93.69
93.33
93.33
94.05
93.33
93.33
92.61
85.44
93.69
94.40
94.05
92.97
91.89
92.61
92.97
94.76
93.69
92.25
93.33
93.33
94.05
92.97
93.69
92.61
93.69
94.76
93.33
94.05
93.33
93.33
93.69
93.69
93.69
93.33
92.25
94.40
92.61
95.12
92.25
93.69
93.69
94.05
92.97
93.69
92.25
93.69
92.61
93.33
92.61
95.84
93.33
93.69
92.97
92.97
93.33
94.40
92.61
96.20
92.97
94.76
92.97
91.89
94.40
93.33
93.33
92.25
92.97
92.97
92.97
94.40
92.97
94.40
93.33
92.97
94.05
94.76
88.67
93.33
92.97
94.05
91.89
94.40
89.38
92.25
93.33
93.33
93.33
93.69
92.25
93.33
