1.54
0.47
-0.25
-0.25
0.11
0.11
1.18
-0.61
2.98
-0.25
-0.25
-0.61
-0.25
0.47
-0.61
0.47
-1.69
-0.25
1.18
-0.61
1.18
-0.61
0.82
-0.25
-0.61
0.11
0.11
-0.25
-0.25
-1.33
0.47
0.82
0.47
-0.97
-0.61
0.47
0.82
1.18
-0.25
0.11
1.18
-0.25
0.11
-0.61
0.11
1.54
-0.61
0.82
0.47
1.54
0.82
0.11
-0.25
-0.25
-0.61
-0.25
-0.25
-0.25
0.11
0.11
-0.25
-0.25
-0.61
0.11
-0.25
-0.25
0.11
0.47
-1.33
0.82
-0.97
0.82
0.47
0.11
0.47
0.11
0.82
0.47
-0.61
-0.97
-0.97
0.11
-0.61
-0.25
-0.61
0.11
0.47
0.11
-0.61
0.47
0.82
0.47
0.11
0.11
0.82
-0.25
0.82
0.11
1.90
-0.25
-0.61
-0.25
-0.25
1.54
-0.61
-0.25
-0.25
0.47
0.47
-0.25
0.11
-0.97
0.47
0.82
-0.61
0.82
0.47
-0.25
0.47
0.82
1.54
0.11
-0.25
0.82
-8.50
0.11
0.47
0.11
0.11
-0.61
0.11
-0.25
-0.61
0.11
-0.61
1.18
0.11
-0.97
1.18
0.11
0.11
0.47
1.18
1.18
0.11
1.18
-0.25
0.82
0.11
-0.25
0.47
-0.61
0.82
1.90
-0.25
0.11
0.11
0.82
0.11
-2.04
-0.61
-0.61
1.18
-0.25
0.11
0.82
-0.61
1.18
-0.61
0.47
-0.25
0.47
0.47
-0.25
0.11
0.47
-1.33
0.11
-0.25
1.54
-0.25
-0.97
0.82
0.47
-0.25
0.82
-0.25
1.18
-1.69
0.47
0.11
0.47
0.11
-0.97
1.54
-0.25
0.82
-0.61
0.11
0.82
0.11
0.47
-1.33
0.11
-0.61
-0.61
1.18
0.11
0.11
-0.25
-1.33
1.18
1.54
-0.97
0.11
-0.25
0.47
1.18
-0.25
13.73
-0.25
0.82
0.47
1.54
0.47
-2.04
0.82
-0.25
-0.61
0.11
-0.97
0.47
-1.69
1.90
0.11
0.11
-0.61
-0.61
0.82
0.11
0.82
0.11
0.11
0.11
-0.97
1.54
0.11
-0.97
0.11
-0.61
1.90
-0.25
-0.97
0.47
-0.97
0.47
-0.25
0.82
1.18
-1.33
0.82
-0.25
0.82
-0.61
-0.25
0.47
-0.97
1.18
0.11
-0.25
-0.61
0.11
0.47
0.47
-0.25
1.54
0.11
0.47
-0.61
0.11
-0.25
0.47
0.47
-0.25
0.47
-0.97
0.47
0.82
-1.33
0.47
2.98
0.82
0.82
0.11
0.82
1.18
-0.61
-0.25
0.47
-0.61
-2.04
0.11
0.11
0.11
0.47
0.11
0.82
-0.25
-0.25
1.18
-0.61
1.18
-0.61
0.11
-0.25
-0.25
1.90
0.11
-0.61
-0.61
0.47
0.82
-1.33
-1.33
-0.25
-0.25
0.82
-1.33
-0.25
-0.61
-0.61
1.54
-0.61
1.18
-0.61
-0.97
0.47
0.47
0.47
0.47
-0.61
1.54
-2.04
-0.25
0.82
-0.97
-0.25
-0.61
-0.25
-0.25
0.11
-0.25
-0.25
0.82
-2.04
0.82
0.11
-0.25
0.82
3.33
0.47
-0.61
-0.61
1.54
-0.61
0.47
0.11
-0.61
1.54
-0.97
0.82
0.82
-0.97
0.11
0.11
-0.61
-0.25
1.18
-1.33
-0.25
0.47
-0.61
0.47
-0.61
0.82
0.11
-0.61
0.82
-0.97
-0.25
0.11
0.11
0.47
-0.61
-0.25
0.82
-1.33
-0.25
0.11
0.47
-0.61
-0.61
1.18
1.54
0.11
0.47
-0.61
0.82
0.82
0.82
0.47
-0.97
0.11
-0.61
0.82
2.62
-0.97
0.82
-0.97
1.54
-6.71
-0.61
0.47
0.11
0.82
-0.25
1.54
0.11
-0.25
-0.61
-0.61
1.90
-1.33
-0.97
0.82
0.11
0.82
0.82
-0.61
0.11
-0.97
1.54
-0.25
0.82
-0.25
0.11
0.11
0.11
0.11
-0.25
-1.33
-0.97
0.11
0.47
0.11
0.11
-0.25
0.11
0.82
1.18
-1.33
-0.25
-1.33
0.11
0.11
0.11
0.11
-1.33
0.82
1.90
0.82
-0.97
0.11
0.47
0.82
0.47
-0.97
-0.61
0.82
0.47
-0.25
0.47
0.11
0.82
-1.33
1.18
1.18
0.11
-0.61
-0.97
1.54
-0.25
-1.33
0.11
-0.61
1.18
-0.61
1.18
-0.25
-0.25
0.82
1.18
0.11
1.54
-0.25
0.47
0.11
-0.25
-0.61
-1.33
1.54
0.47
0.11
-0.61
-0.61
0.82
-0.25
-0.25
-0.25
1.18
0.11
-1.33
-0.25
0.11
0.82
0.11
-0.25
-0.97
-0.61
0.82
0.11
-0.97
0.82
0.82
-0.25
0.47
-0.97
-0.25
0.47
-0.25
-0.97
0.82
-0.97
-0.61
0.47
-0.25
0.11
-0.25
-0.25
-0.61
0.11
0.82
-2.76
-0.97
0.47
-0.97
0.82
0.11
-0.97
0.11
0.11
0.82
-0.61
-0.61
1.90
-1.33
0.82
-0.25
1.54
-1.69
-0.25
-0.25
-0.25
0.47
-0.61
-0.25
0.47
0.11
-0.25
-0.25
0.11
0.47
-0.61
-0.25
0.47
-0.61
0.82
-0.25
0.47
-4.20
0.82
0.11
-0.61
0.82
-0.61
1.54
1.18
0.11
0.82
-0.97
0.11
0.47
-0.97
0.82
-0.25
2.98
-0.25
-0.25
-0.61
-0.61
0.82
-0.97
-0.25
1.18
0.47
0.47
-0.97
1.18
0.47
-0.25
0.47
0.11
0.47
0.11
-1.33
-0.25
0.47
-0.25
-0.25
-1.33
0.47
-0.25
0.47
0.82
0.11
-0.97
-0.61
0.82
-1.33
0.82
0.11
-1.69
0.82
0.11
1.54
-0.25
-0.25
0.47
0.82
0.82
-0.61
-0.97
0.82
-0.25
-0.25
0.47
-0.61
-0.97
0.82
0.11
-1.33
0.82
0.11
-0.25
0.47
-0.97
0.82
-0.97
-0.61
1.18
-0.25
1.18
-0.61
0.11
0.11
-0.61
2.26
0.47
-0.61
0.11
0.47
0.47
-0.61
-0.61
0.47
-0.25
0.11
-1.33
0.11
0.47
-0.61
0.47
-1.33
1.18
0.47
0.47
-0.25
0.11
-0.25
0.82
-0.25
1.18
0.11
1.18
0.47
-0.61
0.47
-0.25
1.18
-0.25
0.47
0.11
-0.61
0.47
-0.61
0.82
-1.69
-0.61
0.82
-2.04
0.11
-0.61
-0.61
0.82
-0.25
0.82
0.47
0.11
0.11
-0.61
1.18
-0.25
1.18
-1.33
0.11
0.82
-0.61
0.11
-8.14
0.82
0.82
-0.25
0.47
0.47
-0.25
1.18
-0.97
1.18
-0.25
-0.25
-0.61
-0.61
0.82
-0.61
0.82
0.82
0.11
0.47
-1.69
1.90
0.11
-0.97
0.82
-0.25
1.18
-0.61
-1.33
-0.25
0.47
0.82
0.11
-0.25
0.11
-0.25
-0.61
0.82
0.47
0.11
-1.33
0.47
0.11
1.90
0.11
-0.61
1.18
0.11
0.82
-0.61
0.47
-0.25
0.47
0.82
0.47
0.82
1.18
-0.97
0.47
0.11
-0.25
0.11
0.11
0.47
0.11
-0.25
0.47
0.47
-0.61
-0.61
0.47
1.18
-1.33
0.47
-0.25
1.18
-0.25
-0.61
0.11
-0.25
0.47
-0.97
0.47
0.11
-0.25
-2.04
0.11
1.18
-0.61
-0.25
0.11
-0.61
1.54
0.47
-0.25
-0.25
-0.25
0.11
0.47
-0.61
-0.61
-0.61
0.82
1.18
-0.97
-0.25
0.11
9.07
-0.25
0.11
1.18
-0.97
-0.61
0.82
1.18
0.82
-1.33
1.18
-0.61
0.11
0.47
-2.04
-2.76
0.82
0.47
1.18
-1.33
-6.35
-0.25
1.18
0.11
-0.61
1.54
-0.61
1.54
-0.25
-0.25
-0.25
-0.61
1.18
0.82
1.18
-0.97
-0.25
-0.25
-0.61
0.82
-0.97
0.47
-0.25
0.47
0.47
0.47
-0.61
-0.97
-0.61
-0.25
-0.61
0.82
-0.61
-0.97
1.18
-0.97
0.47
-0.97
-0.61
1.18
0.11
0.47
0.47
-0.97
0.11
-0.25
-0.25
-0.97
-0.25
-0.25
-0.25
1.18
0.47
0.47
0.11
-0.61
-0.97
-0.61
0.82
-0.61
-0.61
0.11
0.47
0.82
0.82
-0.61
-0.25
-0.25
-0.61
0.11
-0.61
0.82
-0.25
0.47
-0.61
0.11
1.18
-3.48
1.54
-0.25
0.82
-0.97
-0.25
-0.97
0.82
0.47
-0.25
-0.61
-0.25
0.11
0.11
-0.25
-0.61
-0.97
0.47
0.82
0.82
-0.61
0.47
-0.61
0.47
0.82
0.82
0.82
0.11
0.82
-0.97
0.47
0.47
-0.97
0.82
-0.61
1.18
0.47
0.82
6.92
-0.25
-0.25
-0.25
0.11
-0.25
0.82
0.11
0.11
-0.61
0.47
-0.61
1.18
-0.61
1.54
-0.97
-0.25
4.41
0.47
0.82
0.82
0.11
-0.25
-0.25
1.54
0.47
-0.25
0.47
-0.25
1.18
0.11
-0.61
0.11
-0.97
0.82
-0.97
0.82
-0.97
-1.33
1.18
-0.25
1.54
-0.25
-0.61
0.47
-0.97
0.82
-0.97
-1.33
0.82
-0.25
1.18
-0.61
-0.97
0.82
-0.97
0.47
-0.25
0.11
0.82
-1.69
0.82
0.47
0.47
0.11
-0.61
0.82
-1.69
1.18
-0.25
0.11
-0.61
-0.61
0.11
-0.25
-0.97
0.11
-0.25
1.18
-0.25
-0.25
0.11
-0.61
1.18
0.11
1.54
1.54
0.11
0.11
-0.97
0.47
-0.25
0.11
0.11
-0.61
0.82
-0.61
-0.97
0.11
0.47
0.82
0.82
-0.97
0.47
-2.40
1.90
-0.25
1.18
0.11
-1.33
0.11
-0.97
1.54
0.11
0.11
0.82
-0.97
1.54
-0.61
-0.25
-0.25
-0.25
0.82
0.82
-0.97
0.11
-0.61
-0.25
0.47
-0.25
-0.25
0.11
0.47
0.47
0.11
-0.25
-0.97
-0.25
-0.25
1.18
0.11
-1.33
-0.25
-1.33
0.82
0.82
-1.33
2.62
-0.61
1.54
-0.97
0.47
-0.25
0.82
-0.25
-0.61
1.90
-0.61
0.11
0.82
0.11
-0.25
0.82
-0.25
-0.25
-0.61
0.11
-0.25
-0.61
0.47
0.47
1.18
0.47
-2.76
0.82
-0.61
-0.25
-0.25
1.18
0.47
0.47
-0.97
0.11
0.11
-0.97
0.47
-0.25
-0.61
-0.25
-0.61
-0.25
-0.25
0.82
1.18
0.82
0.47
-0.97
-0.61
1.18
-0.61
0.47
0.11
-0.25
1.54
-0.25
1.90
0.11
0.11
-0.25
-1.33
7.28
-0.61
-0.61
0.11
0.11
1.18
0.11
-0.61
-0.97
0.47
-0.25
0.82
-1.33
-0.97
0.11
0.11
0.82
0.47
0.11
0.82
2.62
-0.61
0.47
1.18
-1.33
0.82
-0.61
1.18
-0.25
-0.25
0.11
-0.25
-0.25
-0.25
0.47
1.18
0.47
0.47
1.54
-0.25
-0.97
-0.25
1.90
0.11
1.54
-0.61
0.47
0.47
0.11
1.18
-0.61
-0.25
0.82
1.18
0.47
0.47
-0.25
-0.25
-0.25
1.54
-0.97
0.47
1.54
-0.25
1.54
2.26
-0.61
0.11
-0.61
1.18
-0.25
0.11
0.47
0.11
0.47
0.11
0.47
0.47
-0.25
-0.97
-0.25
1.18
0.11
0.47
-0.61
-0.25
-0.61
0.82
0.82
0.47
-0.97
0.82
5.49
0.82
-0.25
-0.25
0.11
5.84
0.47
1.18
-1.69
0.11
2.62
-0.25
-1.33
0.82
0.11
-0.25
0.11
0.47
0.11
0.47
0.47
-0.25
-0.25
-0.25
0.11
-0.25
1.18
-0.97
0.47
-0.61
-0.61
0.47
0.47
0.82
-0.25
-0.25
-0.61
0.47
1.90
-0.25
-1.33
-0.25
0.82
1.54
0.11
-0.25
-0.25
0.47
0.47
-0.97
0.47
0.82
-0.25
0.11
-0.61
1.18
0.47
-0.25
-0.61
-0.61
1.18
0.11
-0.25
-0.97
0.47
0.47
-0.97
0.47
-0.61
-0.61
0.82
0.11
1.18
-0.61
-0.61
1.18
-0.61
0.11
1.54
1.54
0.47
-0.61
0.47
1.18
0.11
0.11
-0.61
0.11
0.47
0.47
-0.25
0.47
-0.61
-0.25
1.54
-0.61
-0.25
0.11
-0.61
0.47
0.11
0.82
-0.25
-0.61
0.82
4.05
-0.25
-0.25
-0.61
0.11
1.18
1.18
-0.25
-0.61
2.26
0.47
0.82
0.11
-0.61
1.18
0.11
0.11
-0.25
-0.25
0.47
1.18
0.11
0.11
-1.69
1.18
-1.69
-0.25
0.82
1.18
-0.25
-1.33
0.82
0.47
1.90
-0.61
0.11
-0.25
0.11
1.18
-1.33
-0.61
0.11
-0.97
-0.25
-0.25
5.84
-0.25
-1.33
-0.25
0.47
15.17
-0.25
0.47
0.82
0.82
0.47
0.47
0.47
-0.25
0.11
1.18
-0.97
-0.97
-0.25
1.18
1.18
-0.61
-0.61
0.11
0.47
0.47
-0.97
-0.25
0.82
0.47
-0.61
-0.97
0.47
-0.25
-0.61
0.11
0.82
0.11
-1.33
-0.61
0.82
-0.25
0.11
0.47
-0.61
0.11
-0.97
1.18
-0.25
-0.61
-0.25
-1.33
2.26
-0.25
0.47
-0.61
0.11
0.47
0.11
0.82
-0.25
0.47
0.11
-0.61
0.47
1.18
-0.61
-0.97
-2.04
0.82
0.82
-1.33
0.47
0.47
0.47
-1.33
-0.61
1.54
-0.61
0.11
-0.61
0.82
-0.25
-1.33
0.11
0.11
1.18
0.11
-0.61
-0.25
0.11
1.90
-0.61
0.11
0.47
-0.25
1.54
-0.25
-0.61
-0.97
-0.25
-0.25
-0.25
1.18
-0.25
-0.61
-0.25
0.82
-0.25
0.47
-0.97
0.82
-0.25
1.18
-0.61
-0.61
1.90
-0.25
0.11
0.11
0.47
0.47
-0.97
1.54
0.11
0.82
-0.97
0.11
-0.25
-0.25
0.47
