0.82
2.26
0.82
0.11
1.54
1.54
1.18
-0.61
1.18
1.18
0.82
1.18
1.90
-0.61
1.54
1.18
1.54
1.54
0.11
1.90
0.82
1.90
0.82
1.90
1.18
-0.61
1.54
1.18
2.98
0.47
1.54
1.90
-0.97
1.90
0.11
0.11
0.82
0.47
1.90
0.47
0.11
2.26
0.47
1.54
1.18
0.82
1.54
0.11
1.90
0.47
2.26
1.54
1.90
1.18
0.11
1.90
1.18
-0.25
1.54
0.11
1.18
1.54
0.47
1.54
1.18
1.90
1.54
2.62
1.54
0.47
1.18
1.90
1.18
1.54
0.82
1.18
1.54
1.90
-0.25
1.18
1.90
1.90
0.82
1.54
-0.25
1.18
0.82
1.90
1.54
0.11
1.90
1.18
1.18
1.90
0.82
1.54
0.11
1.18
0.47
2.98
0.47
0.47
1.90
0.11
2.26
0.11
-0.25
1.18
0.82
1.18
1.18
-0.25
2.26
1.54
1.90
1.18
0.82
2.26
1.18
0.82
0.47
1.90
0.47
0.82
1.90
1.54
-0.61
1.90
0.82
1.54
0.47
1.90
0.11
1.18
1.18
1.54
0.82
1.18
0.47
2.26
2.26
1.90
0.47
3.33
-1.33
0.47
2.62
0.47
2.62
-0.25
1.18
0.82
1.54
1.54
1.54
0.47
1.54
-0.25
1.18
0.47
0.82
1.18
1.18
1.18
1.18
1.54
0.82
1.54
1.90
1.18
1.18
0.47
-0.25
1.90
0.11
1.90
0.82
1.18
1.54
0.82
1.90
0.82
2.26
0.82
6.20
1.90
1.90
0.47
2.26
1.54
4.05
-0.25
1.54
1.18
1.90
1.90
0.47
2.26
0.47
0.82
1.54
2.62
0.82
0.47
1.54
2.62
1.18
0.82
1.54
1.54
1.54
1.18
1.54
1.90
0.82
1.18
-3.48
1.90
-0.25
1.90
0.82
0.82
0.82
1.18
2.62
0.11
0.82
0.82
1.90
1.18
0.82
0.82
0.47
1.18
0.47
1.18
0.47
-0.97
0.82
1.54
0.82
1.18
0.82
0.82
2.26
0.11
1.54
0.47
1.54
1.54
-0.25
4.05
1.18
0.11
1.54
0.11
1.18
1.54
1.90
1.18
1.18
0.82
1.18
1.18
-0.61
0.82
1.54
0.47
2.26
0.11
0.82
1.90
-0.25
1.54
0.47
-0.25
0.82
0.11
1.54
1.54
0.11
0.82
0.82
2.26
1.90
1.18
0.47
0.82
0.82
0.82
0.82
0.82
0.11
2.62
0.82
1.54
0.82
0.82
2.98
0.47
1.18
0.82
-2.04
2.26
-0.97
1.90
6.56
2.26
1.18
0.82
0.82
1.18
2.62
-0.97
1.18
1.18
0.47
2.26
0.47
1.54
0.11
0.47
0.82
0.82
0.82
2.26
1.18
1.54
2.26
1.18
1.18
1.54
1.18
1.54
0.82
1.18
0.11
0.47
0.82
1.18
1.54
0.82
2.98
0.47
1.18
1.90
0.11
1.18
0.82
2.26
1.54
0.11
-1.33
1.90
1.90
0.11
2.98
1.18
0.82
1.18
1.90
2.26
1.18
0.82
1.54
0.47
1.54
1.54
0.82
1.54
0.47
1.90
1.18
1.54
1.18
0.82
1.18
1.90
1.18
1.18
-0.61
3.33
1.18
1.90
0.47
1.90
1.54
0.82
1.54
3.33
1.18
1.90
0.82
-4.55
1.54
1.54
3.33
0.47
1.90
1.54
0.11
0.47
1.54
1.54
0.82
-0.25
1.54
0.47
1.90
0.82
1.54
1.18
1.18
1.18
1.18
1.18
1.18
1.18
1.54
1.18
1.90
0.82
0.11
1.54
3.69
2.26
0.11
0.82
0.82
0.11
1.18
0.47
1.54
1.54
1.18
0.47
1.54
1.90
1.90
0.47
1.54
0.47
2.26
1.18
1.18
1.18
-1.69
0.47
1.18
-0.25
1.18
-0.61
1.54
0.82
1.90
1.90
1.54
1.18
0.47
1.90
1.18
1.90
1.90
0.11
1.54
0.82
1.18
1.18
0.82
2.62
0.47
0.82
2.26
-0.25
1.90
1.54
1.18
1.54
1.18
1.54
1.90
2.62
0.82
2.26
1.18
1.18
2.26
0.82
0.47
0.47
0.47
1.54
1.90
0.11
2.26
1.18
0.82
1.18
0.82
1.54
-0.25
0.82
1.18
1.90
0.82
0.47
2.26
-0.25
1.18
2.26
0.47
1.54
1.18
1.54
0.47
-0.25
1.90
0.47
1.18
-1.33
1.54
1.18
0.82
-0.61
1.18
2.62
1.18
0.47
1.54
1.54
1.18
2.98
0.47
1.90
0.47
1.18
1.18
1.18
1.18
0.11
2.26
1.54
1.18
0.47
1.54
1.54
1.54
-0.25
1.90
4.41
2.26
1.54
1.18
1.54
0.47
1.54
-0.25
1.90
0.82
1.18
0.11
-1.33
2.26
1.90
-1.33
0.82
0.82
1.18
0.47
0.11
1.54
0.11
-0.61
0.82
1.90
1.54
-0.25
1.54
1.90
3.33
-0.61
1.18
1.18
1.18
0.82
1.54
10.15
2.26
0.82
-0.25
0.11
0.82
1.90
2.26
2.62
0.82
2.62
1.90
1.18
2.26
0.82
1.90
1.90
0.47
1.90
0.82
2.98
0.47
0.47
0.82
0.11
1.90
1.54
-0.25
1.18
0.47
0.11
-0.25
0.82
0.82
0.82
1.54
0.47
1.90
0.47
-0.61
2.62
-0.25
1.54
0.82
-1.33
1.54
0.47
0.47
1.54
1.18
0.47
1.18
2.26
1.54
0.47
1.90
0.82
1.54
0.82
1.54
1.90
0.47
1.90
1.54
0.82
2.26
0.82
1.90
0.47
1.54
0.47
0.82
1.54
-0.25
1.18
0.47
0.82
0.47
1.18
1.54
0.11
1.18
1.18
1.90
1.18
-0.61
0.82
4.77
0.47
1.54
-0.25
2.62
1.90
0.82
1.90
1.18
2.98
1.18
0.11
1.90
1.54
0.82
0.82
1.54
1.54
-0.25
0.11
1.54
1.90
1.18
0.82
1.54
0.82
2.26
0.82
1.18
1.90
-0.25
1.54
1.18
0.11
0.82
0.82
4.41
0.82
-0.25
1.90
0.47
1.18
2.62
2.62
1.18
0.47
2.26
0.47
1.90
-0.25
1.18
0.11
0.82
1.18
1.54
0.47
1.54
0.11
1.90
1.90
0.11
1.18
1.54
1.54
0.82
-0.25
1.54
1.18
0.82
1.54
2.26
1.18
-0.25
2.62
1.54
1.90
0.82
-0.25
1.90
1.54
1.54
0.47
0.11
0.11
0.82
1.90
1.18
-0.25
2.26
1.18
1.54
0.11
2.26
9.07
0.47
1.54
1.54
2.62
-0.25
1.18
1.54
1.18
1.54
1.18
0.47
3.69
1.18
2.26
0.47
1.18
0.82
1.54
1.54
1.54
0.82
2.62
1.54
2.98
0.82
1.18
0.82
0.47
1.90
0.47
1.54
1.54
1.18
1.90
-0.25
2.26
1.18
1.18
0.82
0.82
1.54
0.47
0.47
1.18
1.54
1.54
1.18
2.26
0.11
0.47
1.90
0.47
2.26
0.82
-0.25
2.26
1.18
2.26
1.90
0.82
1.54
1.18
2.26
0.82
2.62
0.82
1.54
2.26
0.11
0.82
1.18
0.82
1.54
0.82
1.54
0.82
-0.25
1.54
0.47
1.18
1.18
0.82
1.18
0.82
-1.69
0.82
2.26
1.90
0.82
1.54
1.54
1.54
0.47
0.47
1.54
2.98
1.90
1.54
0.11
3.33
1.54
1.54
1.18
1.90
2.26
-0.25
1.54
0.47
0.82
0.82
1.18
2.26
0.82
0.82
1.18
1.54
1.54
0.82
1.90
0.82
1.18
0.82
1.54
1.18
0.47
0.82
0.82
0.47
2.26
0.47
1.90
1.18
-0.25
1.90
1.54
2.62
1.18
0.47
2.26
0.47
-0.25
0.82
1.54
1.90
0.47
1.54
1.90
0.11
1.54
0.82
1.54
-0.25
1.54
0.82
0.47
1.54
0.11
0.47
0.82
0.47
1.54
1.18
0.82
1.54
0.82
1.54
1.90
1.54
1.18
1.18
2.26
1.18
1.90
2.26
0.82
0.47
2.26
-0.25
1.18
1.18
-0.25
2.26
1.18
1.90
0.82
1.54
-0.61
2.26
-0.61
2.26
1.18
0.82
1.90
1.54
1.54
1.54
0.82
1.18
1.18
1.90
1.54
0.47
1.18
1.54
1.54
0.47
0.82
2.62
0.82
2.62
1.54
1.90
0.82
1.18
1.54
1.18
1.18
1.90
1.18
1.18
-0.25
1.90
1.18
1.54
0.11
1.18
1.18
1.90
0.82
0.47
0.11
1.54
1.18
0.82
0.47
1.18
2.26
0.82
2.62
0.82
0.47
1.18
0.82
1.90
1.90
0.82
1.18
0.47
1.90
0.82
0.47
1.18
0.11
0.82
0.82
1.54
0.82
0.47
1.90
1.54
1.18
1.18
0.11
2.62
1.18
1.90
0.47
1.18
1.90
1.18
1.90
1.18
0.82
0.82
0.82
1.18
0.11
1.18
0.82
1.18
1.18
1.54
2.26
1.90
0.82
0.82
2.26
1.54
1.18
0.11
0.82
0.82
1.54
1.54
-0.61
0.82
0.82
1.18
1.18
1.18
1.54
0.47
0.47
1.18
1.18
-0.61
1.54
1.18
0.47
2.26
0.47
0.82
0.47
2.62
2.26
1.54
0.82
0.47
0.47
1.18
1.18
-0.61
0.11
1.18
0.82
-1.33
1.90
0.11
1.18
1.54
0.82
1.90
1.18
0.82
1.54
0.47
2.26
1.54
0.47
0.47
0.82
1.54
1.90
0.82
0.47
1.18
1.90
1.18
0.11
1.54
-0.61
1.54
2.26
0.11
1.90
0.82
1.54
1.18
2.62
1.90
1.90
2.26
0.47
1.90
2.26
1.54
0.11
0.82
2.26
1.18
0.47
1.18
-0.61
1.90
0.82
1.54
1.54
